speech_id,truth,pred,prob_far_left,prob_left,prob_centre_left,prob_centre,prob_centre_right,prob_right,prob_far_right,pred_temp
be4aa2e3-61e7-e511-9433-00262d0d0c40,centre,centre_right,0.12535678958545807,0.15564844450584991,0.12125746614124748,0.1195691237567946,0.18647612298417585,0.1478559517401483,0.1438361012861393,centre_right
8ab20e12-3b8e-e711-9457-00262d0d7125,far_right,right,0.154395149149839,0.12328820910844268,0.12223610617123942,0.15919604034271673,0.14187905769826542,0.17326429114258987,0.1257411463867336,right
53fc3686-7d0c-ef11-87dd-6805cad9744d,centre,far_right,0.09547633697536143,0.13856871689728523,0.11585987771562853,0.15710336774090314,0.08979237820318962,0.1881287228442329,0.2150705996231839,far_right
ace66611-d9fa-e711-90fe-901b0e9b71a8,centre_right,far_left,0.1670932130061017,0.12749414268637227,0.15176889645033412,0.15132496331186543,0.11584489411813734,0.1509053199792994,0.13556857044772264,far_left
d4726345-f7f3-ed11-b1c9-6805cad971a9,far_right,far_left,0.16673225782402576,0.14050473411985856,0.126481451968633,0.11771860072556073,0.15676886271545615,0.1663417807150097,0.12545231193128925,far_left
88e0c032-879c-eb11-9152-901b0e9b71a8,centre,centre,0.14860237074419128,0.14826836648674424,0.14793433440915638,0.15083817877315361,0.12760039701301568,0.14061286447621,0.13614348809737786,centre
29a891a8-413a-e711-9452-00262d0d0c40,right,right,0.1344731645589783,0.12000159458843097,0.11853516322242712,0.10892304769427716,0.12862843965919535,0.2047769250568628,0.1846616652196236,right
6924adc5-9986-e411-9414-00262d0d0c40,centre,far_left,0.19956816882485037,0.1314054423274196,0.12514730211298855,0.1671205283515395,0.12372967938452199,0.12517388242568028,0.12785499657280022,far_left
6dbe0d7e-1adf-e611-9448-00262d0d7125,centre,far_left,0.15029695574060017,0.14667528002757466,0.14601697338869885,0.12214282858255349,0.14990407957742605,0.14609397596888324,0.1388699067141132,far_left
dc676197-044e-e811-9108-901b0e9b71a8,far_left,centre,0.15333863751108515,0.12913378845273965,0.12553733506449918,0.22098054387823363,0.1092141862221615,0.12545889957421874,0.13633660929684127,centre
7523adc5-9986-e411-9414-00262d0d0c40,right,right,0.15488472774884596,0.11850022506997913,0.10165428806731479,0.12894129253061998,0.1428080292122928,0.22026039145888354,0.1329510459118434,right
823e7be6-8cc7-e411-941e-00262d0d0c40,centre_left,centre,0.13199924029257876,0.1521294950695166,0.15750651824619558,0.1737310453842781,0.12987437348660874,0.12938287930942177,0.12537644821122684,centre
abc0bca8-a516-e611-9437-00262d0d0c40,centre,centre,0.11174267271546022,0.15118822568220164,0.1549206606072461,0.2228381798090984,0.11579676358670896,0.12091560894857976,0.12259788865048199,centre
821af306-e465-e911-911b-901b0eac4c78,right,centre_right,0.12411312916251731,0.14730001472763155,0.11154453086155672,0.1280495750539417,0.19392607267593728,0.16729392153866204,0.12777275597955948,centre_right
e04d3c36-ce77-ed11-917b-901b0eac4c70,centre,right,0.10749753726307862,0.11170451983192921,0.10601914826094039,0.18255537922773257,0.09924938622492697,0.20812272096341347,0.18485130822777057,right
a9701ac5-f533-eb11-914a-901b0e9b71a8,centre,right,0.15687577731109653,0.12921855898654042,0.09284492514610765,0.10016023549075087,0.10851382267346259,0.21805231205766876,0.19433436833415524,right
6270f0aa-46ca-e911-9123-901b0eac4c78,far_right,centre,0.1297616105806125,0.12078199769246609,0.1176450165301219,0.2268165493964799,0.1322117193405901,0.1301175931630577,0.14266551329644503,centre
1f838e95-3a1d-ec11-915b-901b0eac4c78,right,far_right,0.12590937214139428,0.1401987599030828,0.14438165987341126,0.15716319022914405,0.14570846543061827,0.12010488913631288,0.16653366328587002,far_right
8abb7eea-620d-eb11-9146-901b0e9b71a8,centre,centre,0.1254209490915047,0.128893963842951,0.1284922974955489,0.22797321425570619,0.12872581527492888,0.13025719870903646,0.1302365613300958,centre
051cb89b-fb0b-e811-9102-901b0e9b71a8,right,left,0.131027495295642,0.22861756677446696,0.12917475322752558,0.12226094592958034,0.12726453618343064,0.1334227419132427,0.12823196067588324,left
67b9bf8e-782b-ec11-915b-901b0eac4c78,right,left,0.12818332386427228,0.22240665477726984,0.11681063717374199,0.13881716755595702,0.12840434066902462,0.13101247382260753,0.13436540213690423,left
76415f8a-e14f-e911-911c-0090facf175a,far_right,right,0.17809945683312836,0.09959475176838124,0.08695317806226577,0.1124635551894966,0.12474455976409132,0.2061952269338377,0.19194927144859278,right
3fa04b2d-45ca-e911-9123-901b0eac4c78,centre,left,0.1329607072224747,0.2012386008666804,0.11600827534879234,0.13715107708668065,0.1409029736687043,0.1364789274991473,0.1352594383073192,left
81cd8283-67b5-e711-945b-00262d0d7125,far_right,centre,0.12529945361849623,0.1681124179922065,0.12227353455314104,0.20456820962967187,0.1302830150748521,0.12639966742040665,0.12306370171102103,centre
a8a09872-b7f2-e611-944d-00262d0d0c40,centre,centre,0.1404850512587041,0.13536148626793068,0.1396393383956564,0.19920948349202963,0.13628320895538468,0.12725148793727226,0.12176994369282305,centre
76a859bc-3cbb-ec11-9167-901b0eac4c78,right,right,0.12474780102994174,0.1211260428238933,0.11450191832033481,0.1297658268867719,0.1355960632370487,0.19620663718563627,0.17805571051617705,right
d6726345-f7f3-ed11-b1c9-6805cad971a9,far_left,left,0.15779395509903799,0.18055362046294668,0.1767000324162811,0.12019253737214557,0.10240620090046441,0.12187205769954217,0.14048159604940155,left
6d059682-7d14-eb11-9143-901b0eac4c70,centre,far_right,0.1416035298590765,0.12907194398773755,0.138658325078203,0.14818008065057786,0.13834173813716547,0.13219164405641803,0.17195273823064958,far_right
ba5138e1-abb2-e411-941b-00262d0d0c40,centre_left,centre_left,0.15106469917924475,0.13889001459858008,0.15507242211832306,0.12437590891319565,0.14952216890675957,0.14355746606934322,0.13751732021439866,centre_left
ff23adc5-9986-e411-9414-00262d0d0c40,far_right,centre,0.13889459217240246,0.11652432979635527,0.11271245380416008,0.22580728299555328,0.13537124412958132,0.13280448263053493,0.13788561447118694,centre
03f5e8cf-9ce2-e811-910f-901b0eac4c70,far_left,centre,0.12915550269547,0.1502328760186639,0.12147658792254774,0.2150528105455955,0.12915445315706428,0.1295430598137279,0.12538470984671554,centre
9e44a595-49d7-e611-9448-00262d0d7125,far_right,far_right,0.13377658882474458,0.11803537419116232,0.12396948596815575,0.1375995246333083,0.12957315131807415,0.13379855427826745,0.22324732078606427,far_right
d22b65d0-cd08-e711-944e-00262d0d0c40,centre,right,0.10373974588761094,0.1049080349410556,0.09212541886405336,0.17221861381802572,0.15621324441586507,0.2158485726017368,0.1549463694714366,right
81bca0e8-555a-e711-9453-00262d0d7125,centre_left,far_right,0.12056040674251159,0.10824021088145742,0.09918190288869726,0.09924502089677607,0.121268166523164,0.2212841777535589,0.23022011431360442,far_right
44d4a422-4398-ee11-b1d9-6805cad971a9,far_right,right,0.1613348632781926,0.11357430473066119,0.11857864232898621,0.13110948164793268,0.1676967249134158,0.20992126151100607,0.09778472158959536,right
52a8311f-c02a-ed11-9178-901b0e9b71a8,centre_left,right,0.10104727149595207,0.11737896898787442,0.11694626556601108,0.17942628336378885,0.17165228326195225,0.21545103275379032,0.0980978945704156,right
ff850640-344b-ee11-87c9-6805cad9744d,left,right,0.11566369550675823,0.14580506552141315,0.11199247238514792,0.14894439680999463,0.17001888063433787,0.20953298832860714,0.09804250081353155,right
d3a9436e-cbcf-ed11-87bf-6805cad9744d,centre,centre_right,0.15237031665992498,0.1377865860758039,0.1299147650016455,0.12851625828042307,0.16371996748259227,0.14802894140058498,0.13966316509886148,centre_right
9b29e5d3-af6a-e611-9441-00262d0d0c40,centre,far_left,0.18031334116500292,0.13251331219733997,0.1252761731150802,0.13565106130212992,0.14353141698257643,0.13948197827176154,0.1432327169659287,far_left
1baadf55-250c-ee11-87c3-6805cad9744d,centre,centre_right,0.10747147585750243,0.14491957144827666,0.1440018444980179,0.12395139967840622,0.19219322886219936,0.16913918571730838,0.11832329393809693,centre_right
359e10aa-c5c7-e411-941e-00262d0d0c40,centre,left,0.1253336828118472,0.22739279703110707,0.12992683280747008,0.12680167698120512,0.13161672984138764,0.1308534533066474,0.12807482722010793,left
5350fb78-c9c3-e711-945b-00262d0d7125,centre,centre_left,0.138895524619237,0.1311038874506368,0.16588376080479292,0.16050879481051766,0.13733427261824774,0.13004601181089553,0.1362277478855064,centre_left
2da7e5c2-a4e2-e411-941b-00262d0d7125,far_right,right,0.11621789562896284,0.11575848510976025,0.13835520993523331,0.09842188892452602,0.16603079087534164,0.21339340552147937,0.1518223240044831,right
02bf3945-c8c3-e711-945b-00262d0d7125,centre,centre,0.1448163800962447,0.13820154464953488,0.12916884814641766,0.21525553815253973,0.12320263752163932,0.12735286708101307,0.12200218435239535,centre
e150e640-d1d9-e711-90fb-901b0eac4c70,centre_left,centre,0.12308529864866115,0.12329363240383509,0.13399650411849406,0.22755821613856053,0.12410503151686467,0.12857834252105027,0.13938297465230678,centre
b8022d69-c139-ed11-9178-901b0e9b71a8,centre,centre,0.13505964214171065,0.14344175913369964,0.12657957550171733,0.16526540664983863,0.14798492007011607,0.16426250867051223,0.11740618783224017,centre
5333506b-c134-e711-9452-00262d0d0c40,far_left,right,0.10586439487746697,0.1275424673200438,0.12417233652862301,0.1558651969506292,0.17059899806625073,0.21233120939940783,0.10362539685736621,right
b89ffcda-b417-ec11-9160-901b0e9b71a0,centre_left,centre,0.14673977979748187,0.13879458155959706,0.13033250635908217,0.16781825690881172,0.14000769004721936,0.13855530443180866,0.1377518808958313,centre
09bf3945-c8c3-e711-945b-00262d0d7125,right,centre_left,0.1403768428081397,0.13399937635646844,0.1756122342884724,0.127709868252694,0.1671156025120835,0.13228120111161118,0.12290487467035514,centre_left
c718556a-c8c3-e711-945b-00262d0d7125,centre,centre,0.15568561539001807,0.11564866348429936,0.1257728730851724,0.191888687230285,0.12801014267483857,0.13192849046264193,0.15106552767255274,centre
edc44eb9-b09c-e411-9412-00262d0d7125,centre,centre,0.15602365536568463,0.12649818091574977,0.1357164629250891,0.16811631728298584,0.15565829711366966,0.13348760250249675,0.1244994838941562,centre
0354ce61-5c0b-e811-9102-901b0e9b71a8,centre_left,far_right,0.09808059129476479,0.1789551573109002,0.10196523432633169,0.11544827926142985,0.09949956218194564,0.1812456147908272,0.22480556083357578,far_right
33e46a8a-b54c-e511-9427-00262d0d0c40,centre_right,right,0.10809697957694465,0.11615319039601289,0.14787801902066333,0.11251351949581494,0.15442901794605607,0.20957685762446926,0.15135241593982912,right
7b65139e-2ab4-ec11-9167-901b0eac4c78,centre,right,0.15073963072015775,0.13596734120561596,0.11194734195346012,0.11362456572356779,0.14781333424569265,0.21094924979599702,0.1289585363552977,right
f784bd47-e04d-ec11-915f-901b0eac4c70,left,centre_left,0.12194594944725044,0.14100892732189843,0.19133029128484325,0.1301304671798625,0.12360039159133954,0.129593875161397,0.16239009801321744,centre_left
2318b480-7506-ec11-9160-901b0e9b71a0,centre,centre,0.15378760744375752,0.11990699257091292,0.12185099058337297,0.20066313058333354,0.14045699090266736,0.13391277689016676,0.1294215110255882,centre
ed1fdd90-3c8e-e711-9457-00262d0d7125,left,centre,0.12969610835977777,0.128686600172193,0.1164799361694316,0.21789600053577712,0.13775734830283728,0.12871914899295592,0.14076485746680936,centre
4d508392-799b-ee11-b1d9-6805cad971a9,centre,centre,0.143370080043604,0.13398581540110904,0.1299502492662219,0.1818252945574796,0.14328192467398787,0.13787567533092615,0.12971096072648974,centre
a689247b-ffb7-eb11-914f-901b0eac4c78,centre,right,0.10360828670678013,0.11533696398977952,0.12353209872279197,0.12954736616067059,0.1568298747302519,0.2151297825092319,0.156015627180279,right
2dcd08fd-5909-e711-944e-00262d0d0c40,left,right,0.07493659609543145,0.14805068136593977,0.10595384619999502,0.0867275571432478,0.135654808345622,0.22903802455912475,0.21963848629041008,right
fccf70b1-5139-eb11-914a-901b0e9b71a8,centre,centre,0.1256925745532927,0.11868262270089741,0.1262912951164709,0.23323203781328433,0.12453233913325631,0.13336111084890137,0.13820801983366374,centre
5d8a9686-5438-e611-9437-00262d0d7125,far_right,far_right,0.11795177023862276,0.12450119368359941,0.15521040175143827,0.1445203202679103,0.11543034633946347,0.12646306518101164,0.21592290253773816,far_right
572f24ec-2982-e911-9121-901b0e9b71a0,far_right,centre,0.16064917468918596,0.11725842848060126,0.10849500511197811,0.21681202404405114,0.12719175892553702,0.13162439686539046,0.13796921188303918,centre
4d415f8a-e14f-e911-911c-0090facf175a,centre_right,right,0.14980648184346612,0.14295354961784534,0.12719963930469785,0.12076821978859376,0.15219152997862892,0.1667509040229119,0.14032967544368938,right
5c522aa2-12d8-e611-9448-00262d0d7125,far_right,far_left,0.2065097255529775,0.11874974154293011,0.13676987164838675,0.13604986054506876,0.1250652354171296,0.13918236866682696,0.13767319662647393,far_left
0fe46a8a-b54c-e511-9427-00262d0d0c40,centre,right,0.15880884419051003,0.12353741054716784,0.12259328553521026,0.1443713672912032,0.15715446161826777,0.16228447989962835,0.13125015091785025,right
c223adc5-9986-e411-9414-00262d0d0c40,far_right,right,0.1381525621105636,0.11191923957761526,0.10424266932493169,0.15262099810694413,0.1073048177675167,0.1985697588697416,0.18718995424248838,right
e4658dc8-f5a6-ed11-917f-901b0eac4c70,right,centre,0.12496437127286349,0.11933300154059955,0.1324097823015668,0.21276345296086324,0.11895401098385146,0.12497140819572065,0.16660397274432215,centre
f0ee186f-1a18-e911-9112-901b0eac4c70,centre,centre_left,0.18491319793029495,0.12210031637583862,0.18539471484285103,0.12073715186346494,0.1278331161264881,0.1318360859940444,0.12718541686683252,centre_left
81d350ca-aeb9-ec11-9167-901b0eac4c78,centre,centre,0.13060369300971778,0.11968680320623822,0.11353161592517078,0.22070433742506443,0.13321565589385845,0.13685760007477177,0.14540029446495772,centre
2f0f0b93-7318-ef11-87dd-6805cad9744d,centre,right,0.1434228503100564,0.11056211336184643,0.09472895303799822,0.11742831950649954,0.12684230614893655,0.2128306004796555,0.19418485715479453,right
6becdddf-489b-e411-9412-00262d0d7125,right,right,0.1413004834711102,0.11934606586464966,0.09191956257701427,0.095258067571912,0.13693948526893823,0.2173827841025906,0.19785355114356767,right
dea6b665-816a-e811-910a-901b0e9b71a8,centre,centre,0.15272436648927198,0.14230338578710636,0.11038985754161196,0.16793804594643696,0.1447544293722359,0.13897828060858985,0.14291163425457903,centre
001a113d-60dc-e511-9433-00262d0d0c40,centre_right,left,0.12945879021920234,0.18699997260086174,0.14099939815642076,0.15108214440181367,0.1469368311944047,0.12871093641052048,0.11581192701658921,left
8ea7a479-4cbf-e511-9431-00262d0d0c40,right,centre_left,0.11905796782563813,0.1587714052347834,0.21408523345213523,0.15339250795170284,0.11819783523703002,0.1175371287039104,0.11895792159458579,centre_left
5e37c704-0482-ed11-9180-901b0e9b71a0,far_left,right,0.10066027778968015,0.12428581156439047,0.09398964593300628,0.09615769251841641,0.15359185479816762,0.21975218724593354,0.21156253015018578,right
9605a3cd-6fc6-ee11-87d6-6805cad9744d,far_right,right,0.14522461485533514,0.1230227583446001,0.11514515339707361,0.10067431458572172,0.14992153763498914,0.19214628942678155,0.17386533175530658,right
1f50430d-276d-eb11-914e-901b0e9b71a0,far_left,right,0.12126591629011382,0.1173662942609119,0.11284765493115685,0.13295025459773546,0.17998249429262053,0.21541633858716377,0.12017104704008234,right
d7829754-be2a-ed11-9178-901b0e9b71a8,far_right,centre,0.13987957727675807,0.1338062845144451,0.1322816338198016,0.15263941611246237,0.1462250667671977,0.14628171060683517,0.14888631090234722,centre
19ecdddf-489b-e411-9412-00262d0d7125,far_right,centre,0.137979102509682,0.17108073478313612,0.11983750571023895,0.18024353127915663,0.12888283070278472,0.12322514987512347,0.1387511451396978,centre
fae852a9-3416-ec11-9160-901b0e9b71a0,centre,centre_right,0.15861408051078554,0.14050774030105,0.12293680124368292,0.12020787649392559,0.16676651900956105,0.1435100538945543,0.14745692854627376,centre_right
99d60a4d-4179-e811-9109-901b0eac4c70,centre,centre_right,0.18922801185737556,0.12040911042444716,0.10478418644963043,0.12410694729923817,0.1977217904981253,0.13489308066541097,0.1288568728055748,centre_right
8cb5a076-cb98-e511-942b-00262d0d7125,far_right,right,0.10649159517828417,0.12146210921142442,0.12309264158494651,0.10144526328694221,0.18002928391428286,0.22789637702125196,0.13958272980264,right
5c87f5e5-799b-ee11-b1d9-6805cad971a9,far_right,right,0.13530898460033985,0.1351492177156704,0.13159481674683277,0.15387785677444507,0.14269328958903804,0.16856915452055427,0.13280668005295101,right
67f3a875-3d5f-ec11-915f-901b0eac4c70,far_left,right,0.1094131254715992,0.17780333889622604,0.10345911991400723,0.09815474754697266,0.1761387592585382,0.22759798465520628,0.1074329242572227,right
86701ac5-f533-eb11-914a-901b0e9b71a8,centre,centre_right,0.15261851897674977,0.13284088738765984,0.12256017281855444,0.14611268494599586,0.16260374314598403,0.1432504519277141,0.1400135407971793,centre_right
d6a8f6e1-b4c5-e511-942f-00262d0d7125,right,centre,0.12737973834208724,0.1176006374438538,0.11868656993349365,0.22921586299678137,0.13431037766217502,0.13482033330877197,0.13798648031260774,centre
0a1cb89b-fb0b-e811-9102-901b0e9b71a8,centre,centre,0.13267386698273914,0.12417799655905268,0.11090561199306558,0.21943957844936185,0.14165649446879164,0.13278760094003267,0.1383588506067369,centre
edb0353b-d43c-e811-9106-901b0e9b71a0,left,right,0.10607147168215275,0.09578543946061287,0.08388670927184776,0.16755459078194657,0.10477333073904489,0.23196280915321768,0.20996564891094552,right
e86abe19-b16a-e611-9441-00262d0d0c40,centre,far_left,0.22568193618413854,0.14136324071997236,0.12859980001716462,0.12230124447749974,0.1279167033319078,0.13000949570510392,0.1241275795639874,far_left
dbd48639-3613-e511-9422-00262d0d0c40,far_left,far_left,0.163806226070797,0.137411792985508,0.13515866077668287,0.1212385638317614,0.15336017362086724,0.13506705402991723,0.1539575286843025,far_left
7b5bc97a-7651-e911-911c-0090facf175a,centre_right,left,0.15498143948561022,0.156060191018671,0.1531428292511047,0.12517194599767947,0.1453780947479637,0.1403096412346711,0.12495585826414367,left
f43509c0-01fe-ed11-87c3-6805cad9744d,centre,far_right,0.12241316982804791,0.10091181925681643,0.08750957723907549,0.13551798376712726,0.10546785283206192,0.22172146279256866,0.22645813428407593,far_right
9d646154-4dfc-e711-90fe-901b0e9b71a8,centre,centre,0.12950125296416648,0.14200594009718912,0.13873960604244237,0.21346632288407194,0.12807789139736983,0.1273094933575663,0.12089949325698048,centre
34eccd36-e2d8-eb11-9153-901b0eac4c78,centre,right,0.10940676983320682,0.10801686364463811,0.10233246256146057,0.11078848698555081,0.2259528426491121,0.23092079843722255,0.11258177588857815,right
8f771c4a-c5d4-ee11-b1e0-6805cad971a9,centre,centre_right,0.150910407346821,0.13343157197729374,0.1377502100647218,0.13451708817176197,0.1519915651586268,0.14465225781005067,0.14674689947057198,centre_right
de5405ad-619a-e411-9412-00262d0d7125,centre,far_left,0.16583741580703545,0.15978083712494173,0.11327247574719024,0.15597186442224772,0.14269736763752636,0.13576578998114996,0.12667424927974258,far_left
04eb98c7-1114-e511-9422-00262d0d0c40,far_right,far_left,0.20530375050061878,0.12485755285479701,0.10501557784588018,0.11889862987126132,0.12956908979077691,0.18366048493624876,0.13269491420021182,far_left
a024ce50-8052-e711-9455-00262d0d0c40,centre,right,0.12912480169965626,0.135015651116623,0.09025144358019738,0.09755020914670502,0.15665306721945205,0.2155906820951231,0.17581414514202748,right
93a57cff-adb9-ec11-9167-901b0eac4c78,centre,centre,0.14457033089093127,0.1353087757070843,0.13150305983452018,0.1562307744423979,0.15330224298394443,0.13926272050487484,0.13982209563609083,centre
fd52e660-6f60-e511-9426-00262d0d7125,right,centre_left,0.1411196224431332,0.1510674824082857,0.16032494243923023,0.1360541172600049,0.14972920258345304,0.133820072466036,0.12788456039969656,centre_left
e2c337dd-18fe-e411-941d-00262d0d7125,centre,right,0.12174724354197039,0.11609674520670941,0.1206944816079828,0.12008475867945646,0.16028512211077667,0.20874293816381848,0.1523487106890771,right
0c33dc30-69a5-e511-9431-00262d0d0c40,centre,right,0.10150980788806187,0.09612509627115505,0.10010225205399408,0.16941566951693818,0.1603518033886636,0.21646375449732932,0.15603161638364135,right
db7538a3-9595-ec11-916c-901b0e9b71a0,left,centre,0.13023225953105844,0.12276462722527998,0.11690319802022345,0.21864235335885995,0.14520374784328186,0.13335487028614965,0.13289894373492797,centre
90a850f7-7b40-ec11-9164-0090facf175a,centre,centre,0.13949196972724603,0.12482231102869638,0.10223192225011629,0.21822350388282039,0.13642677549197643,0.14358293499185748,0.13522058262706882,centre
e2cbbe7f-b905-e811-9102-901b0e9b71a8,centre,centre,0.14424110281185273,0.1351049932626379,0.12337859271613853,0.18611819250823217,0.13347427466543152,0.16148893301222816,0.11619391102329289,centre
c11919c2-61dd-ee11-b1e0-6805cad971a9,right,right,0.17562626624026256,0.099585285878889,0.09288692174131545,0.10528225498568812,0.12134316336604753,0.2155221030915809,0.1897540046960008,right
2c30a1e4-1a2f-eb11-914a-901b0e9b71a8,centre,right,0.10329125662217226,0.14429507194315802,0.10474037094646219,0.09539636320110334,0.166002260937653,0.20452521580160457,0.1817494605476423,right
c6d350ca-aeb9-ec11-9167-901b0eac4c78,centre,centre,0.1273120841368653,0.13354633444264513,0.13557063813029824,0.1879486800431353,0.14094338161162942,0.13303697492803412,0.14164190670720436,centre
c023adc5-9986-e411-9414-00262d0d0c40,centre,far_left,0.20750291277033497,0.12302239390225557,0.12726430409039097,0.13782291709961625,0.1339538738816082,0.1451942381431669,0.1252393601124196,far_left
2e9a37a3-620d-eb11-9146-901b0e9b71a8,centre_left,centre,0.14180369109485802,0.1222641321164337,0.08728636327658441,0.2255469697494813,0.14193634669759175,0.14420051656194405,0.13696198050288133,centre
4aeba563-8f77-eb11-914b-901b0eac4c70,centre,centre_right,0.14797783909837303,0.134665879283802,0.13178614856929782,0.1521568429826066,0.15424755059357864,0.13876131641331782,0.14040442305886977,centre_right
3cc2362d-eeb9-e511-9431-00262d0d0c40,centre,far_left,0.16859286841484467,0.12981461723269402,0.1336342399908299,0.12252697486501027,0.1604405405457285,0.12329964117001416,0.1616911177807099,far_left
435b0482-cabd-ed11-b1c5-6805cad971a9,far_right,centre,0.15487392609815537,0.11603098937496788,0.1164617312633974,0.19060001468210538,0.12754959471114877,0.13564233627022154,0.1588414075998129,centre
ccb44f31-ade0-eb11-9153-901b0eac4c78,right,right,0.08962317802611783,0.1397954368260308,0.1111391897150714,0.09536281667249567,0.18545631334448132,0.234441415547698,0.14418164986787035,right
5e86e568-5a17-ef11-87dd-6805cad9744d,far_left,right,0.11851280271954985,0.10653406028612321,0.10090242633537412,0.1824592237778235,0.09609093242299034,0.20768086927645543,0.18781968518147577,right
b11deae6-b16a-e611-9441-00262d0d0c40,centre,right,0.08391074687777055,0.10072330003189293,0.10178221799584072,0.15805612417528997,0.1496824999646982,0.20874685651393907,0.19709825444035967,right
38060083-30ce-ed11-87bf-6805cad9744d,centre,right,0.10910920143094427,0.11113895239438142,0.09800088982435738,0.13237780416017939,0.16661631270248248,0.2191874259707565,0.16356941351667936,right
4d2b8c89-7706-ec11-9160-901b0e9b71a0,centre,right,0.0928649213470842,0.10348471650621727,0.12672516696749966,0.15241229166801207,0.15956369844009646,0.21179809737055455,0.15315110770032403,right
3b38823f-33c4-e511-942f-00262d0d7125,far_left,centre,0.14263985397309023,0.13820665745086078,0.1408943412557022,0.1700557595355472,0.14956494789552824,0.12866869085718116,0.12996974903192016,centre
4e47248e-d89e-e711-9457-00262d0d7125,centre,far_left,0.19159747532505098,0.12903019630344043,0.11810916697982136,0.12493730539366407,0.17731873702280285,0.1297096022062215,0.1292975167688071,far_left
9e835025-b1c7-ec11-9170-0090facf175a,right,centre,0.1667036862077486,0.12280213280455408,0.11259196742753491,0.17171513654990622,0.14746413874421685,0.14149795581370003,0.1372249824521675,centre
4e692c04-d43c-e811-9106-901b0e9b71a0,centre,centre,0.12463897874604975,0.12326253838248095,0.17557318084033058,0.18732421424429788,0.13084200580326266,0.12645194819027988,0.13190713379311098,centre
3a2045de-bb39-ed11-9178-901b0e9b71a8,centre,far_right,0.12868527074988506,0.11349947066215052,0.10372747194642466,0.0960747094979363,0.13597917581679472,0.1902530307740307,0.2317808705525462,far_right
686d8a72-d21b-e811-9102-901b0e9b71a8,left,centre,0.14445241589958843,0.13843609048740485,0.11757073367978578,0.16096971249252431,0.15248753314899716,0.1459706269775875,0.14011288731395113,centre
02d67e32-1108-e811-9102-901b0e9b71a8,centre,centre,0.1449828856771019,0.11990500210521239,0.08650417783749727,0.22566183664785405,0.14121607185690405,0.14232776593995178,0.13940225993525288,centre
53d9e90c-428e-eb11-9152-901b0e9b71a8,centre_left,right,0.1203245039359235,0.11125627772552507,0.09230766324412742,0.15379254138256584,0.12985468086058902,0.20824203379644263,0.18422229905461823,right
eaab1615-3011-ef11-87dd-6805cad9744d,centre,right,0.11490751330318985,0.13144586723541873,0.11203730870735314,0.1145255684208424,0.1587718532008272,0.21392134282925068,0.15439054630290416,right
6ea68f97-2b43-e811-9106-901b0e9b71a0,centre,far_right,0.0854058245512056,0.09418008629087542,0.08295776633831818,0.14716671296500478,0.14353707882281694,0.21573601449813828,0.23101651653340977,far_right
00506c04-9b4f-e811-9108-901b0e9b71a8,centre_right,far_right,0.11810651770353675,0.11556661284052885,0.11727687798761194,0.13801901594753632,0.11136613664100986,0.17635531532095053,0.22330952355860242,far_right
fd761c4a-c5d4-ee11-b1e0-6805cad971a9,right,right,0.08908246393716222,0.10465055676512212,0.13792127676339924,0.10733479062176346,0.14410111000944567,0.21130224302348513,0.20560755887941073,right
01831778-39c7-ed11-b1c5-6805cad971a9,centre,centre,0.12717651761117385,0.14222739410839205,0.135744869147947,0.2204140284810015,0.1231355830304831,0.12466110399716589,0.12664050362361629,centre
8324c684-b47a-e811-9109-901b0eac4c70,centre,centre,0.13534081959924646,0.1432386078410923,0.12225583808335695,0.21868328427564998,0.12852943577755965,0.12881421214042396,0.12313780228245202,centre
92477b59-9a66-e511-9426-00262d0d7125,centre,far_left,0.15879080614026544,0.14205873364915178,0.1523170101750718,0.1311156100638675,0.15134107177351525,0.12381567262263059,0.14056109557533883,far_left
b317e727-b14c-e511-9427-00262d0d0c40,right,right,0.09911530918934171,0.10702762488661088,0.0919544262019762,0.1674032258789917,0.15883837127751446,0.21915666204850653,0.15650438051683932,right
50137898-37ee-ec11-916f-901b0eac4c70,centre_right,right,0.1183106855984185,0.10419048510184696,0.08155752795289303,0.1892214091681984,0.12133528254521195,0.20229836811475574,0.18308624151847308,right
56494ce9-c039-ed11-9178-901b0e9b71a8,centre,right,0.10766821136816565,0.09794306369112579,0.11215492118322164,0.13952221700494735,0.20633369303909055,0.22147847526386613,0.11489941844936134,right
5a70f0aa-46ca-e911-9123-901b0eac4c78,centre_right,centre_right,0.1482167812897583,0.13201936496768887,0.12649777219653033,0.1165270731449898,0.17508035337750538,0.1538450129840115,0.1478136420393407,centre_right
607f3fe8-1d33-e611-9437-00262d0d7125,right,centre_right,0.14911685563637944,0.13155300717810056,0.1301071763399041,0.1302340942453433,0.17828901857602222,0.13819027147013868,0.14250957655393354,centre_right
6d43ea0f-619a-e411-9412-00262d0d7125,centre_left,right,0.10952658934938264,0.12289474667675006,0.1227354353160752,0.1199776590258495,0.15801037818436153,0.21102863213578116,0.15582655931158873,right
3b46481c-24cd-eb11-9156-901b0e9b71a8,centre_right,far_right,0.07766317758789897,0.08766334954439801,0.1307837078959058,0.12608746033220805,0.141327163877127,0.21552700614517667,0.22094813461706456,far_right
d144a595-49d7-e611-9448-00262d0d7125,centre,centre_right,0.15814114387803968,0.11710825090336147,0.10660067837452725,0.156941031787323,0.18253899001935675,0.13509678908524209,0.14357311595196717,centre_right
e3283cf4-9478-e811-9109-901b0eac4c70,centre,centre,0.13460114717464103,0.1479862419978578,0.1238127048167319,0.17712834108274317,0.13164535740378477,0.15396837484935785,0.1308578326747063,centre
24b055ee-37b1-ed11-917f-901b0eac4c70,right,right,0.19592338187540603,0.10513614879165867,0.08674225216071846,0.1048455880066456,0.1168929835912154,0.2048122132632125,0.18564743231093847,right
4d8eccab-a0ad-eb11-914f-901b0eac4c78,far_left,left,0.138030244015945,0.16488663785166865,0.14914164389744658,0.15258207621949718,0.12610338610741736,0.13638963097873752,0.13286638092912284,left
3976ce7e-b2f8-ed11-b1c9-6805cad971a9,centre,right,0.1343141336982829,0.14158488479151912,0.1476998686252572,0.13616110816520471,0.14249560126991495,0.1542231541014034,0.14352124934826352,right
5a35ab05-ffb7-eb11-914f-901b0eac4c78,centre,right,0.10458658118576268,0.10541403346392489,0.09416387389258694,0.16499565147847223,0.15684777529465657,0.2176317707768123,0.15636031390756666,right
1933506b-c134-e711-9452-00262d0d0c40,right,centre,0.14401007918948747,0.13471943018275911,0.13002332808376713,0.15545555412620302,0.15283791903806762,0.13841216473959236,0.14454152463996775,centre
0846481c-24cd-eb11-9156-901b0e9b71a8,centre,far_left,0.16102279275944265,0.14361186112708707,0.14117621621867749,0.12127642680918177,0.16000627866998474,0.13547565577386997,0.1374307686415953,far_left
6086f0d3-daf8-e611-944d-00262d0d0c40,centre,centre,0.12003071380294643,0.1408537993469666,0.15092801625466787,0.21760355410715942,0.12042872105671906,0.1259142305600532,0.12424096487126994,centre
483035bb-6e1e-e611-9437-00262d0d7125,far_right,centre,0.12928905215401004,0.12485010935981665,0.12111388262041033,0.19368278533893676,0.12792388418266246,0.12417660839919074,0.17896367794477935,centre
5e323d59-ac21-ef11-b1e6-6805cad971a9,far_right,centre_right,0.1526284617741853,0.13637810614586823,0.11517712435044132,0.15672680255590807,0.15849869649023549,0.15690624640555195,0.12368456227765108,centre_right
d098e374-dafe-e811-9111-901b0eac4c70,centre_left,centre_left,0.13990029661738984,0.14044718914437762,0.15250715898985853,0.1502021324636696,0.14239794351415114,0.13831189168748761,0.1362333875829132,centre_left
d271f1cb-7dcd-ed11-87bf-6805cad9744d,far_left,far_left,0.15936810428777004,0.1469921815348068,0.13941860357152347,0.11616120607723177,0.1566534870842576,0.1413259490263959,0.14008046841785507,far_left
e733dd11-b995-ed11-9180-901b0e9b71a0,far_left,right,0.0970310833867178,0.13284131126553278,0.1179558408168018,0.11532759059158715,0.17074999149649095,0.2280350175067925,0.13805916493584894,right
4c44a595-49d7-e611-9448-00262d0d7125,far_right,centre_right,0.15446145420240273,0.1382022306507043,0.11996792808370972,0.14462389585846644,0.16202127164357727,0.14414765520371992,0.13657556435725757,centre_right
23eccd36-e2d8-eb11-9153-901b0eac4c78,far_right,right,0.13113590151633034,0.11426489510109168,0.11189017773698348,0.11362617789801921,0.13742254637396123,0.20475944503668753,0.18690085633672174,right
e89e5c80-3987-eb11-914b-901b0eac4c70,far_right,far_left,0.157221638522775,0.13963346532232604,0.13478001017248142,0.12917064415742963,0.15228968938735513,0.145349542736461,0.1415550097010145,far_left
f4d6c821-a516-e611-9437-00262d0d0c40,centre_left,right,0.12183257490749409,0.10363361390081319,0.11022114029827225,0.15301862776154254,0.151991105614898,0.20953848016666943,0.14976445735010094,right
ed821778-39c7-ed11-b1c5-6805cad971a9,far_right,far_right,0.1067520986337284,0.10286557143583783,0.10269753975727192,0.11125737860839743,0.108689383154289,0.19848356966780228,0.2692544587424039,far_right
266f07f4-3a1d-ec11-915b-901b0eac4c78,centre,right,0.14400719219568225,0.1276530530614278,0.08312833986724522,0.157857489794259,0.14006596259517345,0.2108688232277141,0.13641913925828714,right
08bb5e63-b97c-ef11-b1ee-6805cad971a9,centre,centre_left,0.14542431899710193,0.14605029836725272,0.1512308074103795,0.12243829751988344,0.1463628895596014,0.14650163136435967,0.14199175678127007,centre_left
ef64d644-22b1-e411-941b-00262d0d0c40,right,right,0.1510539266984453,0.14923418090819468,0.11906438489230789,0.10677343113359716,0.14784058991760066,0.17032842859737712,0.1557050578523069,right
d16824d9-6ad4-e411-941b-00262d0d7125,centre,right,0.10610912828854084,0.09866352680349678,0.09928121142221073,0.1683544440269517,0.1557694383412713,0.21562874321572997,0.15619350790158298,right
4dbdb32b-9250-e911-911c-0090facf175a,centre,centre,0.13808847332032023,0.1382457232223731,0.1259864480906608,0.21688981086223122,0.12686105122597952,0.13148329996181646,0.1224451933164018,centre
681e1b15-7dcc-ec11-9170-0090facf175a,left,left,0.1507028270816732,0.1721823623324073,0.11199267943637169,0.13252571946068067,0.15519813597823184,0.14185865990323593,0.13553961580722723,left
eb87f68a-bb39-ed11-9178-901b0e9b71a8,centre,right,0.11235648103283294,0.12049389853530273,0.10884249164282558,0.104950457236631,0.14482678418134717,0.23954726210525387,0.1689826252655673,right
978c5a72-9578-e811-9109-901b0eac4c70,centre,right,0.09402422488352444,0.15832978593209138,0.12451573587498323,0.1120640333937957,0.17470816061895214,0.23142099787325437,0.10493706142316728,right
57f830b2-48d7-e611-9448-00262d0d7125,centre,centre_left,0.12450788342624693,0.1500051110770825,0.1838488127537746,0.15752136962524999,0.14979171861111032,0.1174162260976833,0.11690887840866854,centre_left
2f74dae9-8657-e811-9108-901b0e9b71a8,far_left,centre,0.14783578735030573,0.14553142791561385,0.13496819280835085,0.15103893958294795,0.13092349862902106,0.14785308029602132,0.14184907341758812,centre
3a74407e-609a-e411-9412-00262d0d7125,centre,far_left,0.17125363062111373,0.13348771760149986,0.14151657928449038,0.15295653044986232,0.1479408736852237,0.13106845858120228,0.12177620977643647,far_left
728da3da-4a61-ef11-87e5-6805cad9744d,centre,centre,0.13384228103373022,0.14907821228264623,0.16124940179742858,0.1854205710560237,0.1312591542229337,0.1151040261531786,0.12404635345387349,centre
aeabfbcd-9447-e711-9450-00262d0d7125,centre,right,0.1209322184024248,0.13225199177423264,0.08981580927400047,0.11795184442840023,0.18200367195760886,0.22061082544504093,0.1364336387180715,right
bc4aa2e3-61e7-e511-9433-00262d0d0c40,centre_left,left,0.1435267778249262,0.15435714393207603,0.14553883281166557,0.147649443984179,0.14893352096541365,0.12752646028460346,0.13246782019698164,left
1bbe050d-4adb-e711-90fb-901b0eac4c70,far_right,far_right,0.13313713095869825,0.11416288007513592,0.11045474642046607,0.08986410717249675,0.12248270139091348,0.2051915867600693,0.22470684722199558,far_right
5299eb8c-cba3-e511-9431-00262d0d0c40,centre,centre,0.13535493973723423,0.14510576860105773,0.13686674484832692,0.21434616513678892,0.12111191836629225,0.12548313552123064,0.12173132778885508,centre
90db90ca-3062-eb11-914e-901b0e9b71a0,centre,centre_right,0.1413158619229696,0.1338620766575566,0.12573669381121524,0.14866982717845761,0.15636516414551796,0.15612404074513447,0.13792633553899197,centre_right
c7bd050d-4adb-e711-90fb-901b0eac4c70,centre,centre,0.12084242960766475,0.12913116899676763,0.1347314431474353,0.22750654342166773,0.1273318332846727,0.12776046819359996,0.1326961133479644,centre
e781ee21-f2b4-ec11-9167-901b0eac4c78,left,right,0.10495656941519736,0.16763559610385406,0.10163483485173312,0.12808069148166285,0.10971988229460271,0.2053335457521037,0.18263888010064086,right
e75405ad-619a-e411-9412-00262d0d7125,far_right,left,0.12510194118258278,0.21032983471450392,0.12818820774347944,0.13414972513341622,0.1462223256149183,0.12528149683632422,0.13072646877456479,left
da6eacc0-2e9f-e511-942b-00262d0d7125,far_left,far_left,0.15251979080503805,0.13757570270778133,0.14562939620784104,0.15171105380013666,0.14471250106074357,0.12738955165805915,0.14046200376024764,far_left
236b99cf-619a-e411-9412-00262d0d7125,right,far_right,0.16032358831851365,0.14184421033471442,0.1262610164359846,0.12131513197308949,0.13782414886716043,0.12853881677125167,0.18389308729910175,far_right
102aaf21-3a0b-ec11-9160-901b0e9b71a0,far_right,right,0.12839413328954846,0.18585094509140296,0.08438444356728834,0.10111977864326524,0.11701365653120498,0.20126792592932752,0.1819691169477613,right
a64eb1d7-f100-e811-9102-901b0e9b71a8,centre,right,0.09872723213978385,0.09436446452656565,0.09003409851536473,0.17791136273333275,0.1606986133196435,0.21972475451084367,0.1585394742542461,right
18bb83e4-3971-eb11-914e-901b0e9b71a0,right,centre,0.12783786590572505,0.11658368596603567,0.1135886924457553,0.2007567612082604,0.1353399778790032,0.12938014131573256,0.17651287527928705,centre
d3d5f22d-016d-e911-911b-901b0eac4c78,far_left,right,0.1859692148535259,0.12210020823013885,0.09189773394795195,0.10306186791978886,0.11663624507571124,0.19959504362041214,0.18073968635227144,right
d7f79a3e-3043-ed11-9177-901b0eac4c70,far_right,right,0.12133640049487177,0.11164158285856803,0.11937612779283918,0.10604231121925714,0.1613004825259319,0.220529495346059,0.15977359976225244,right
0f771c4a-c5d4-ee11-b1e0-6805cad971a9,centre,centre_left,0.12552976743619712,0.13236871936470485,0.22442872998157176,0.13182253631590501,0.12584179546946744,0.13070052149279887,0.1293079299391306,centre_left
f8e49be5-4a09-ef11-87dd-6805cad9744d,far_right,right,0.12778768598111429,0.1036740644970089,0.138011543354924,0.15327046486923285,0.1088011912719053,0.19197593055348328,0.1764791194721396,right
d7fff3f9-ba95-ed11-9180-901b0e9b71a0,centre,left,0.13076578387793625,0.2308088454238853,0.1333514084818361,0.12235877554097885,0.12569109983520269,0.13064708186393098,0.1263770049759989,left
7d31ee66-2172-ed11-917b-901b0eac4c70,centre,right,0.1264049965849704,0.10254028894880603,0.10289881464530137,0.156112517143909,0.15140851407947645,0.21014490838884844,0.15048996020847832,right
2a5df076-f693-ec11-916c-901b0e9b71a0,far_right,right,0.12525049027549226,0.11707057340185534,0.09103133485047753,0.1703928268044142,0.12543609341879114,0.19464896707040852,0.17616971417836635,right
6f675f45-d9fa-e711-90fe-901b0e9b71a8,centre_left,centre,0.122504681588628,0.11737848992662979,0.1605005163150233,0.2105224348599898,0.12792468615318553,0.12919336939971782,0.1319758217566151,centre
d3340042-3516-ec11-9160-901b0e9b71a0,centre,far_right,0.15130399246394,0.11456283863865432,0.09913196839335324,0.10117463335941573,0.1283639240200305,0.17999689751736647,0.2254657456070143,far_right
de512aa2-12d8-e611-9448-00262d0d7125,centre,right,0.12052641489113568,0.10914757765518367,0.10056302299093546,0.1448450982952472,0.13690213596987064,0.20097257979327712,0.18704317040414914,right
2d50438c-5d9a-e511-942b-00262d0d7125,left,right,0.09625172182904268,0.10630471110747325,0.10609745675478553,0.15697972537530733,0.1515640854747084,0.21341872472469084,0.16938357473377857,right
c7dc40e1-f02c-e811-9101-901b0eac4c70,centre_right,centre_left,0.1292000100458226,0.15507824036108075,0.16190651083863192,0.14490849232580827,0.13688210347425867,0.13353849327540693,0.1384861496788289,centre_left
431e5316-b26a-e611-9441-00262d0d0c40,centre_right,far_left,0.1820709650690432,0.1350699728829305,0.1299923390751371,0.16565611008299314,0.1150627843194,0.12171669242186892,0.15043113614844517,far_left
56c5d4c7-a7e9-e411-941b-00262d0d7125,centre,centre,0.12265996039011004,0.12487004757146918,0.13456390830245418,0.22322404474268678,0.1277912067031659,0.12558689881046922,0.1413039334794215,centre
8d6ff06c-4b61-ef11-87e5-6805cad9744d,centre,right,0.15613631767387942,0.12102695424959645,0.12613297980584795,0.12938948359871177,0.1457633209211344,0.17424167902703655,0.1473092647236192,right
