speech_id,truth,pred,prob_far_left,prob_left,prob_centre_left,prob_centre,prob_centre_right,prob_right,prob_far_right,pred_iso
be4aa2e3-61e7-e511-9433-00262d0d0c40,centre,centre_right,0.10567933096987424,0.04761858666315122,0.1167209190473882,0.3431549625372291,0.10528998606630102,0.12014280541734662,0.1613934092987096,centre
8ab20e12-3b8e-e711-9457-00262d0d7125,far_right,right,0.10965517768775396,0.04528605129844692,0.11100349460124224,0.39257899777385385,0.09637752278418085,0.116795285230572,0.1283034706239502,centre
53fc3686-7d0c-ef11-87dd-6805cad9744d,centre,far_right,0.0885197876327346,0.04658510523202845,0.11418768757388026,0.3873877820828607,0.0,0.12014561872957051,0.24317401874892552,centre
ace66611-d9fa-e711-90fe-901b0e9b71a8,centre_right,far_left,0.10620647768506576,0.0438617865393362,0.14455502971184425,0.3647414795144269,0.08131040785360137,0.11066431103320644,0.14866050766251906,centre
d4726345-f7f3-ed11-b1c9-6805cad971a9,far_right,far_left,0.11743313104124038,0.04849823700632025,0.11887708544563394,0.3494940078913327,0.10321367856220072,0.12507969367881971,0.13740416637445235,centre
88e0c032-879c-eb11-9152-901b0e9b71a8,centre,centre,0.09703417393876569,0.043723121433344385,0.14409803194458123,0.3635883820255427,0.09305130412821333,0.11031445573478696,0.14819053079476577,centre
29a891a8-413a-e711-9452-00262d0d0c40,right,right,0.10103037051611463,0.04552378795247408,0.11158622589785955,0.3024258419383841,0.08439140439792381,0.11740842149484632,0.2376339478023975,centre
6924adc5-9986-e411-9414-00262d0d0c40,centre,far_left,0.131248908854856,0.04494309369976045,0.11016284961536435,0.3896059421306501,0.08331492096549355,0.11339247423322353,0.12733181050065218,centre
6dbe0d7e-1adf-e611-9448-00262d0d7125,centre,far_left,0.1102439682407444,0.04552921354348648,0.15005035899833166,0.32809826294056366,0.09689501932317267,0.1148712682771155,0.15431190867658554,centre
dc676197-044e-e811-9108-901b0e9b71a8,far_left,centre,0.0928005959569942,0.04181549202114019,0.10249658801618917,0.43814383492963344,0.07751701376296422,0.10550146220979835,0.14172501310328048,centre
7523adc5-9986-e411-9414-00262d0d0c40,right,right,0.10794454224203867,0.04863927971905879,0.11922280412838769,0.3505104073730796,0.10351384487988026,0.1323653560901566,0.1378037655673984,centre
823e7be6-8cc7-e411-941e-00262d0d0c40,centre_left,centre,0.0979028999832231,0.044114565115423755,0.14538811056558656,0.38242353359778153,0.09388437239772753,0.11130207727972256,0.12498444106053515,centre
abc0bca8-a516-e611-9437-00262d0d0c40,centre,centre,0.09834527724717189,0.04431389813435778,0.14604505121365427,0.46432220047662687,0.08214852643214077,0.09185901800767914,0.07296602848836924,centre
821af306-e465-e911-911b-901b0eac4c78,right,centre_right,0.10751707645934104,0.04844666574022199,0.11875067586489592,0.3491223686402325,0.11395846905796898,0.12494668846946831,0.13725805576787128,centre
e04d3c36-ce77-ed11-917b-901b0eac4c70,centre,right,0.09894586278646555,0.04458451902388293,0.10928392462727918,0.386497504038855,0.012971227025954246,0.1149859938537157,0.2327309686438472,centre
a9701ac5-f533-eb11-914a-901b0e9b71a8,centre,right,0.10103037051611463,0.04552378795247408,0.11158622589785955,0.3024258419383841,0.08439140439792381,0.11740842149484632,0.2376339478023975,centre
6270f0aa-46ca-e911-9123-901b0eac4c78,far_right,centre,0.0928005959569942,0.04181549202114019,0.10249658801618917,0.43814383492963344,0.07751701376296422,0.10550146220979835,0.14172501310328048,centre
1f838e95-3a1d-ec11-915b-901b0eac4c78,right,far_right,0.09221705629969526,0.04155255192218747,0.13694449888236732,0.3455385760930309,0.0884319101532887,0.10483805820395582,0.19047734844547454,centre
8abb7eea-620d-eb11-9146-901b0e9b71a8,centre,centre,0.09423634046449572,0.0424624314333143,0.1040823419843004,0.46944576973497476,0.07871630160805167,0.10713370544421995,0.10392310933064328,centre
051cb89b-fb0b-e811-9102-901b0e9b71a8,right,left,0.10715449985495533,0.09705429101695237,0.118350216530979,0.3479450337730169,0.08950693424285158,0.12181986872472642,0.11816915585651835,centre
67b9bf8e-782b-ec11-915b-901b0eac4c78,right,left,0.10880743187671443,0.0490280935436018,0.12017585019966279,0.3684966152416342,0.09088764040059352,0.12369902417012676,0.13890534456766662,centre
76415f8a-e14f-e911-911c-0090facf175a,far_right,right,0.10922590219866804,0.045108766538804586,0.1105689407530794,0.29966875150068834,0.08362204311385524,0.11633805781780861,0.23546753807709575,centre
3fa04b2d-45ca-e911-9123-901b0eac4c78,centre,left,0.10455025280768158,0.04710982959757925,0.11547387253831226,0.35407888613657057,0.10025887762829261,0.11885919946813829,0.15966908182342554,centre
81cd8283-67b5-e711-945b-00262d0d7125,far_right,centre,0.09660542292631297,0.04352992833630241,0.10669895092480537,0.4561077441307507,0.0806952134448182,0.10982702504243821,0.10653571519457218,centre
a8a09872-b7f2-e611-944d-00262d0d0c40,centre,centre,0.09546509822701213,0.04301610363643496,0.1054394828179078,0.4507238752917167,0.09154663278070735,0.10853063333363994,0.10527817391258107,centre
76a859bc-3cbb-ec11-9167-901b0eac4c78,right,right,0.09732000722285677,0.04385191650504657,0.10748819641930231,0.3160111170859168,0.09332540508428175,0.11309657056122689,0.22890678712136905,centre
d6726345-f7f3-ed11-b1c9-6805cad971a9,far_left,left,0.11163873312034198,0.046105231887705364,0.1519487392384629,0.33224923774226117,0.08546927758202813,0.11632457600201412,0.1562642044271863,centre
6d059682-7d14-eb11-9143-901b0eac4c70,centre,far_right,0.09302316274731579,0.04191577952197882,0.10274240903035861,0.34855906802008807,0.08920492911323354,0.10575448991480521,0.21880016165222002,centre
ba5138e1-abb2-e411-941b-00262d0d0c40,centre_left,centre_left,0.1102439682407444,0.04552921354348648,0.15005035899833166,0.32809826294056366,0.09689501932317267,0.1148712682771155,0.15431190867658554,centre
ff23adc5-9986-e411-9414-00262d0d0c40,far_right,centre,0.0928005959569942,0.04181549202114019,0.10249658801618917,0.43814383492963344,0.07751701376296422,0.10550146220979835,0.14172501310328048,centre
03f5e8cf-9ce2-e811-910f-901b0eac4c70,far_left,centre,0.09660542292631297,0.04352992833630241,0.10669895092480537,0.4561077441307507,0.0806952134448182,0.10982702504243821,0.10653571519457218,centre
9e44a595-49d7-e611-9448-00262d0d7125,far_right,far_right,0.0890076845965071,0.04010642482070065,0.09830738568307129,0.3014410866848796,0.07434876727596067,0.10118944577890185,0.29559920515997884,centre
d22b65d0-cd08-e711-944e-00262d0d0c40,centre,right,0.09852380074689941,0.04439433994511836,0.10881776470081997,0.3848488658821096,0.09447978763597899,0.11846995314856298,0.15046548794051065,centre
81bca0e8-555a-e711-9453-00262d0d7125,centre_left,far_right,0.12513313251501576,0.056384373939654155,0.13820729272590546,0.13600594441201425,0.10452461706026613,0.1454184864436389,0.2943261529035053,far_right
44d4a422-4398-ee11-b1d9-6805cad971a9,far_right,right,0.12460387498972593,0.051459653741459145,0.12613600065563135,0.37083493629797315,0.10951614920560812,0.13271735477644336,0.08473203033315908,centre
52a8311f-c02a-ed11-9178-901b0e9b71a8,centre_left,right,0.11651898454310315,0.05250288123937711,0.1286931213277306,0.45514077527667357,0.11173634017096881,0.13540789744214676,0.0,centre
ff850640-344b-ee11-87c9-6805cad9744d,left,right,0.11357487088068696,0.05117627810616937,0.12544140077553337,0.3846424345669664,0.10891307075289351,0.13198651300061826,0.0842654319171323,centre
d3a9436e-cbcf-ed11-87bf-6805cad9744d,centre,centre_right,0.11299542588521061,0.046665526982215384,0.11438481439454004,0.35073949441090646,0.0993133152706231,0.11773821360096667,0.1581632094555378,centre
9b29e5d3-af6a-e611-9441-00262d0d0c40,centre,far_left,0.13317813002679857,0.04560370999481904,0.11178212785313253,0.34275884622368596,0.09705356225702946,0.11505922456233757,0.15456439908219688,centre
1baadf55-250c-ee11-87c3-6805cad9744d,centre,centre_right,0.11490852548514784,0.051777216310247655,0.12691439828314277,0.3731233950497356,0.11448517828599204,0.13353636658552726,0.08525492000020683,centre
359e10aa-c5c7-e411-941e-00262d0d0c40,centre,left,0.11264847887577255,0.05075885042598617,0.12441821747924067,0.365784720566703,0.09409609493711571,0.1280657641747382,0.12422787354044366,centre
5350fb78-c9c3-e711-945b-00262d0d7125,centre,centre_left,0.09555857973069469,0.043058225942127624,0.1419067398183038,0.37326626415009007,0.09163627723766966,0.10863690889390305,0.14593700422721115,centre
2da7e5c2-a4e2-e411-941b-00262d0d7125,far_right,right,0.10825913652738012,0.048781034356439434,0.11957026785450246,0.32406453964843396,0.10381552631162798,0.1301762085412263,0.16533328676038964,centre
02bf3945-c8c3-e711-945b-00262d0d7125,centre,centre,0.10009478203059005,0.0451022163833685,0.1105528852542505,0.47258222000699496,0.0836099005211331,0.11379394447738349,0.07426405132627932,centre
e150e640-d1d9-e711-90fb-901b0eac4c70,centre_left,centre,0.0928005959569942,0.04181549202114019,0.10249658801618917,0.43814383492963344,0.07751701376296422,0.10550146220979835,0.14172501310328048,centre
b8022d69-c139-ed11-9178-901b0e9b71a8,centre,centre,0.10325154899800208,0.04652464004969483,0.11403947755449705,0.40331616554797484,0.09901348048353804,0.11998967560768885,0.11386501175860428,centre
5333506b-c134-e711-9452-00262d0d0c40,far_left,right,0.10863151068823515,0.048948824321488026,0.11998154841320406,0.407043762056973,0.10417261598307792,0.1306239698847372,0.08059776865228466,centre
b89ffcda-b417-ec11-9160-901b0e9b71a0,centre_left,centre,0.09916460215259104,0.044683081906207185,0.10952551832030974,0.38735193308380655,0.09509428667344622,0.11273645841024116,0.15144411945339809,centre
09bf3945-c8c3-e711-945b-00262d0d7125,right,centre_left,0.10659434301833519,0.04803088659093829,0.15829510802102367,0.34612612939009496,0.10221906600457603,0.12118304775692114,0.11755141921811063,centre
c718556a-c8c3-e711-945b-00262d0d7125,centre,centre,0.09983788344290753,0.041231646388812514,0.10106548718849863,0.43202628490234596,0.07643468834410484,0.10402840605433726,0.14537560367899327,centre
edc44eb9-b09c-e411-9412-00262d0d7125,centre,centre,0.10993413786816879,0.045401257942646274,0.11128588486801848,0.39357770946586274,0.096622704924329,0.11454843331011931,0.12862987162085546,centre
0354ce61-5c0b-e811-9102-901b0e9b71a8,centre_left,far_right,0.0946086162074476,0.04978945905481025,0.1220420811911005,0.33076375564413796,0.014485529754250348,0.12840982830361894,0.2599007298446343,centre
33e46a8a-b54c-e511-9427-00262d0d0c40,centre_right,right,0.10825913652738012,0.048781034356439434,0.11957026785450246,0.32406453964843396,0.10381552631162798,0.1301762085412263,0.16533328676038964,centre
7b65139e-2ab4-ec11-9167-901b0eac4c78,centre,right,0.10822239582748203,0.04876447917780512,0.11952968841272145,0.35141263523380317,0.10378029367243163,0.13013202968329984,0.13815847799245684,centre
f784bd47-e04d-ec11-915f-901b0eac4c70,left,centre_left,0.10263103161207757,0.04624503796812922,0.15240949730839334,0.3332567256509153,0.08572844827060648,0.11667731000555234,0.16305194918432583,centre
2318b480-7506-ec11-9160-901b0e9b71a0,centre,centre,0.09390679667159582,0.04231394062136943,0.10371836679614745,0.44336659258866895,0.09005229335295052,0.10675905966038021,0.11988295030888758,centre
ed1fdd90-3c8e-e711-9457-00262d0d7125,left,centre,0.09174783686641937,0.041341123953800234,0.10133383454813005,0.43317339373316466,0.0879819503255668,0.10430462050565913,0.14011724006725967,centre
4d508392-799b-ee11-b1d9-6805cad971a9,centre,centre,0.09174783686641937,0.041341123953800234,0.10133383454813005,0.43317339373316466,0.0879819503255668,0.10430462050565913,0.14011724006725967,centre
a689247b-ffb7-eb11-914f-901b0eac4c78,centre,right,0.10468644550855993,0.04717119735861771,0.11562429492524616,0.3399309302675869,0.10038948015640266,0.12588022590144532,0.16631742588214127,centre
2dcd08fd-5909-e711-944e-00262d0d0c40,left,right,0.0,0.06942200215671271,0.1701646449769924,0.09029397666134528,0.12869360221598786,0.17904326631915277,0.3623825076698089,far_right
fccf70b1-5139-eb11-914a-901b0e9b71a8,centre,centre,0.06243131170212313,0.028131241932532976,0.06895426014083182,0.6220130160637847,0.0521493294148252,0.07097577988940991,0.09534506085649254,centre
5d8a9686-5438-e611-9437-00262d0d7125,far_right,far_right,0.09392689389718897,0.04232299633235675,0.13948364795472587,0.31810090436185917,0.07845781863636972,0.10678190743053267,0.2209258313869669,centre
572f24ec-2982-e911-9121-901b0e9b71a0,far_right,centre,0.0928005959569942,0.04181549202114019,0.10249658801618917,0.43814383492963344,0.07751701376296422,0.10550146220979835,0.14172501310328048,centre
4d415f8a-e14f-e911-911c-0090facf175a,centre_right,right,0.10581479021338876,0.047679623931909665,0.11687053134386446,0.34359481687020926,0.10147151076509052,0.12296844430339583,0.1616002825721415,centre
5c522aa2-12d8-e611-9448-00262d0d7125,far_right,far_left,0.13486584108380842,0.046181626846357945,0.1131986962725559,0.347102486538678,0.08561089756005683,0.11651732226550972,0.15652312943303315,centre
0fe46a8a-b54c-e511-9427-00262d0d0c40,centre,right,0.108656566201807,0.04487363875274309,0.10999260421716299,0.37315573945427205,0.09549982869559477,0.11573164997143436,0.1520899727069857,centre
c223adc5-9986-e411-9414-00262d0d0c40,far_right,right,0.09388250022733476,0.04230299276310771,0.10369153181074671,0.3517790173564031,0.07842073628057675,0.10910180870734103,0.22082141285448997,centre
e4658dc8-f5a6-ed11-917f-901b0eac4c70,right,centre,0.09227379300773633,0.041578117203723994,0.10191474364009465,0.43565661529424393,0.07707697142221333,0.10490256000588473,0.14659719942610308,centre
f0ee186f-1a18-e911-9112-901b0eac4c70,centre,centre_left,0.13499857680696398,0.04622707906455264,0.1523503102564073,0.333127307973578,0.08569515628937117,0.116631999272725,0.130969570336402,centre
81d350ca-aeb9-ec11-9167-901b0eac4c78,centre,centre,0.0928005959569942,0.04181549202114019,0.10249658801618917,0.43814383492963344,0.07751701376296422,0.10550146220979835,0.14172501310328048,centre
2f0f0b93-7318-ef11-87dd-6805cad9744d,centre,right,0.09850535108999192,0.04438602662047586,0.10879738738682121,0.31986008761390444,0.08228223727902714,0.11447407072932474,0.23169483928045478,centre
6becdddf-489b-e411-9412-00262d0d7125,right,right,0.12513313251501576,0.056384373939654155,0.13820729272590546,0.13600594441201425,0.10452461706026613,0.1454184864436389,0.2943261529035053,far_right
dea6b665-816a-e811-910a-901b0e9b71a8,centre,centre,0.10722683633289894,0.044283180358059164,0.1085452944308756,0.38388523761182686,0.09424321842035285,0.11172749747183466,0.15008873537415185,centre
001a113d-60dc-e511-9433-00262d0d0c40,centre_right,left,0.10941105833124522,0.04930008465457352,0.12084254475466745,0.409964737778503,0.10492016627250418,0.12438526409051506,0.08117614411799162,centre
8ea7a479-4cbf-e511-9431-00262d0d0c40,right,centre_left,0.10591399886654165,0.04772432686297991,0.183519633733971,0.39686120794971236,0.08847073473141313,0.09892855255971876,0.07858154529566312,centre
5e37c704-0482-ed11-9180-901b0e9b71a0,far_left,right,0.10741085414289428,0.0565268633954382,0.13855655761172253,0.13634964625081455,0.1203001566400416,0.14578597480160965,0.2950699471574792,far_right
9605a3cd-6fc6-ee11-87d6-6805cad9744d,far_right,right,0.10272119655571868,0.04628566584818247,0.11345371282723933,0.3074871862251205,0.0985048969155139,0.11937334763852141,0.21217399398970366,centre
1f50430d-276d-eb11-914e-901b0e9b71a0,far_left,right,0.11486921653560248,0.05175950389095635,0.12687098225584953,0.37299575361801174,0.1101542886279339,0.13812449984693906,0.08522575522470707,centre
d7829754-be2a-ed11-9178-901b0e9b71a8,far_right,centre,0.10013391472705413,0.045119849383888425,0.11059610661318768,0.37520315331862963,0.09602381279296143,0.11383843294919337,0.15908473021508526,centre
19ecdddf-489b-e411-9412-00262d0d7125,far_right,centre,0.100395589844894,0.04523775890471989,0.11088512207123226,0.3921603571773374,0.08386116747950706,0.114135921421884,0.15332408310042533,centre
fae852a9-3416-ec11-9160-901b0e9b71a0,centre,centre_right,0.1139160128473132,0.047045716493276796,0.11531672086747206,0.33902667449977514,0.10012243247590004,0.11869744060978744,0.1658750022064753,centre
99d60a4d-4179-e811-9109-901b0eac4c70,centre,centre_right,0.13972559386029923,0.04784573458102135,0.11727769562543014,0.3447918640227462,0.11254493122486109,0.12071590491504222,0.11709827577059975,centre
8cb5a076-cb98-e511-942b-00262d0d7125,far_right,right,0.11098412884121962,0.05000890248790952,0.12257997282092667,0.3322215729303924,0.106428668447533,0.13609260300983242,0.14168415146218624,centre
5c87f5e5-799b-ee11-b1d9-6805cad971a9,far_right,right,0.10049893379318273,0.045284325179435446,0.11099926360214038,0.37657088477111694,0.09637384926729019,0.11679083347210541,0.1534819099147289,centre
67f3a875-3d5f-ec11-915f-901b0eac4c70,far_left,right,0.15278118990495873,0.06884245258954727,0.168744074505391,0.16605634018569582,0.14651012514300454,0.18371175566520945,0.11335406200619307,right
86701ac5-f533-eb11-914a-901b0e9b71a8,centre,centre_right,0.10893046228407922,0.04498675399539532,0.1102698681177914,0.37409637193224027,0.09574055992658924,0.11350263017800262,0.15247335356590191,centre
d6a8f6e1-b4c5-e511-942f-00262d0d7125,right,centre,0.09061233876649295,0.04082947409586724,0.10007969733337276,0.4513925191709767,0.07568914659246026,0.10301371597381538,0.13838310806701476,centre
0a1cb89b-fb0b-e811-9102-901b0e9b71a8,centre,centre,0.09174783686641937,0.041341123953800234,0.10133383454813005,0.43317339373316466,0.0879819503255668,0.10430462050565913,0.14011724006725967,centre
edb0353b-d43c-e811-9106-901b0e9b71a0,left,right,0.10012275873982496,0.04511482255092298,0.1105837850260777,0.3751613516813105,0.013125511239230515,0.1203926203322523,0.23549915043038092,centre
e86abe19-b16a-e611-9441-00262d0d0c40,centre,far_left,0.1489875472192585,0.051017272091591036,0.12505165111145927,0.3676469908101848,0.0945751536505517,0.12871776806779825,0.08400361704915639,centre
dbd48639-3613-e511-9422-00262d0d0c40,far_left,far_left,0.1139160128473132,0.047045716493276796,0.11531672086747206,0.33902667449977514,0.10012243247590004,0.11869744060978744,0.1658750022064753,centre
7b5bc97a-7651-e911-911c-0090facf175a,centre_right,left,0.1131078030689062,0.04671193718383946,0.15394825428398762,0.33662135266114307,0.099412085203885,0.11785530762273058,0.13234325997550803,centre
f43509c0-01fe-ed11-87c3-6805cad9744d,centre,far_right,0.1058478876769888,0.047694537486190375,0.116907086896725,0.3437022887739157,0.013876042338818544,0.12300690720259053,0.24896524962477104,centre
9d646154-4dfc-e711-90fe-901b0e9b71a8,centre,centre,0.10009478203059005,0.0451022163833685,0.1105528852542505,0.47258222000699496,0.0836099005211331,0.11379394447738349,0.07426405132627932,centre
34eccd36-e2d8-eb11-9153-901b0eac4c78,centre,right,0.11747499094207646,0.05293365301984017,0.12974901318926363,0.35165141789413495,0.1245129663232647,0.1365188822051347,0.08715907642628529,centre
8f771c4a-c5d4-ee11-b1e0-6805cad971a9,centre,centre_right,0.11228005476481336,0.046370088737174305,0.11366064709140529,0.3485189717382525,0.09868456523885026,0.11699281601413994,0.1634928564153644,centre
de5405ad-619a-e411-9412-00262d0d7125,centre,far_left,0.1117255960000467,0.046141105039426845,0.11309937071760155,0.38369560946675074,0.09819724340543577,0.11641508480097258,0.13072599056976583,centre
04eb98c7-1114-e511-9422-00262d0d0c40,far_right,far_left,0.1401054125728884,0.047975794542187915,0.11759649379359115,0.345729118238572,0.08893690223555856,0.12373228504270858,0.1359239935744934,centre
a024ce50-8052-e711-9455-00262d0d0c40,centre,right,0.10229730063482084,0.046094660431511315,0.11298552741185533,0.3062182897525363,0.09809840024889555,0.12300739843121697,0.21129842308916366,centre
93a57cff-adb9-ec11-9167-901b0eac4c78,centre,centre,0.09916460215259104,0.044683081906207185,0.10952551832030974,0.38735193308380655,0.09509428667344622,0.11273645841024116,0.15144411945339809,centre
fd52e660-6f60-e511-9426-00262d0d7125,right,centre_left,0.10054980700251098,0.045307248397296475,0.14931882978271904,0.3405306320032199,0.09642263433219081,0.11431124503331826,0.1535596034487445,centre
e2c337dd-18fe-e411-941d-00262d0d7125,centre,right,0.10468644550855993,0.04717119735861771,0.11562429492524616,0.3399309302675869,0.10038948015640266,0.12588022590144532,0.16631742588214127,centre
0c33dc30-69a5-e511-9431-00262d0d0c40,centre,right,0.10009314431635923,0.045101478437392546,0.11055107642835801,0.37505038602997903,0.09598471584668972,0.1203570104660686,0.15286218847515284,centre
db7538a3-9595-ec11-916c-901b0e9b71a0,left,centre,0.09390679667159582,0.04231394062136943,0.10371836679614745,0.44336659258866895,0.09005229335295052,0.10675905966038021,0.11988295030888758,centre
90a850f7-7b40-ec11-9164-0090facf175a,centre,centre,0.09174783686641937,0.041341123953800234,0.10133383454813005,0.43317339373316466,0.0879819503255668,0.10430462050565913,0.14011724006725967,centre
e2cbbe7f-b905-e811-9102-901b0e9b71a8,centre,centre,0.09862491515943296,0.04443990160199047,0.10892944374961351,0.4656424681538578,0.09457675170101387,0.11461301735090854,0.07317350228318288,centre
c11919c2-61dd-ee11-b1e0-6805cad971a9,right,right,0.10922590219866804,0.045108766538804586,0.1105689407530794,0.29966875150068834,0.08362204311385524,0.11633805781780861,0.23546753807709575,centre
2c30a1e4-1a2f-eb11-914a-901b0e9b71a8,centre,right,0.09978386368445184,0.04496211810610966,0.1102094815368264,0.298694529501126,0.09568812996387753,0.11595984322337767,0.2347020339842309,centre
c6d350ca-aeb9-ec11-9167-901b0eac4c78,centre,centre,0.09174783686641937,0.041341123953800234,0.10133383454813005,0.43317339373316466,0.0879819503255668,0.10430462050565913,0.14011724006725967,centre
c023adc5-9986-e411-9414-00262d0d0c40,centre,far_left,0.13915530740593823,0.04765045343333277,0.11679902969626095,0.35814223103120635,0.1014094302720775,0.12022320602218363,0.11662034213900059,centre
2e9a37a3-620d-eb11-9146-901b0e9b71a8,centre_left,centre,0.09390679667159582,0.04231394062136943,0.10371836679614745,0.44336659258866895,0.09005229335295052,0.10675905966038021,0.11988295030888758,centre
4aeba563-8f77-eb11-914b-901b0eac4c70,centre,centre_right,0.10075459093576433,0.04539952303021997,0.11128163231482327,0.37752883559453687,0.09661901269334175,0.1145440560855804,0.15387234934573338,centre
3cc2362d-eeb9-e511-9431-00262d0d0c40,centre,far_left,0.10851385954511643,0.04481470290391412,0.10984814284352297,0.32294926779105754,0.09537440174953835,0.11306854125907081,0.20543108390777975,centre
435b0482-cabd-ed11-b1c5-6805cad971a9,far_right,centre,0.09227379300773633,0.041578117203723994,0.10191474364009465,0.43565661529424393,0.07707697142221333,0.10490256000588473,0.14659719942610308,centre
ccb44f31-ade0-eb11-9153-901b0eac4c78,right,right,0.10405717981843948,0.06353239873336883,0.15572826681944194,0.15324784664170177,0.1352092980265848,0.172895006467561,0.21533000349290216,far_right
5e86e568-5a17-ef11-87dd-6805cad9744d,far_left,right,0.09894586278646555,0.04458451902388293,0.10928392462727918,0.386497504038855,0.012971227025954246,0.1149859938537157,0.2327309686438472,centre
b11deae6-b16a-e611-9441-00262d0d0c40,centre,right,0.0,0.046095461971482635,0.11298749211699805,0.38331605538459723,0.09810010608180951,0.11888280109285956,0.24061808335225307,centre
38060083-30ce-ed11-87bf-6805cad9744d,centre,right,0.10468644550855993,0.04717119735861771,0.11562429492524616,0.3399309302675869,0.10038948015640266,0.12588022590144532,0.16631742588214127,centre
4d2b8c89-7706-ec11-9160-901b0e9b71a0,centre,right,0.08730978060308416,0.04594831761295247,0.11262681730567337,0.3820924469712837,0.09778695427545425,0.11850330747767678,0.15573237575387539,centre
3b38823f-33c4-e511-942f-00262d0d7125,far_left,centre,0.09916460215259104,0.044683081906207185,0.10952551832030974,0.38735193308380655,0.09509428667344622,0.11273645841024116,0.15144411945339809,centre
4e47248e-d89e-e711-9457-00262d0d7125,centre,far_left,0.13865279145622902,0.04747837869678481,0.11637724646407913,0.3421445785082735,0.10104322177372689,0.1197890574461966,0.13451472565471007,centre
9e835025-b1c7-ec11-9170-0090facf175a,right,centre,0.10722683633289894,0.044283180358059164,0.1085452944308756,0.38388523761182686,0.09424321842035285,0.11172749747183466,0.15008873537415185,centre
4e692c04-d43c-e811-9106-901b0e9b71a0,centre,centre,0.08963517622993751,0.040389169463883774,0.1331103462156603,0.4231987893286628,0.07487291560801784,0.10190281711201271,0.13689078604182506,centre
3a2045de-bb39-ed11-9178-901b0e9b71a8,centre,far_right,0.12513313251501576,0.056384373939654155,0.13820729272590546,0.13600594441201425,0.10452461706026613,0.1454184864436389,0.2943261529035053,far_right
686d8a72-d21b-e811-9102-901b0e9b71a8,left,centre,0.09916460215259104,0.044683081906207185,0.10952551832030974,0.38735193308380655,0.09509428667344622,0.11273645841024116,0.15144411945339809,centre
02d67e32-1108-e811-9102-901b0e9b71a8,centre,centre,0.09174783686641937,0.041341123953800234,0.10133383454813005,0.43317339373316466,0.0879819503255668,0.10430462050565913,0.14011724006725967,centre
53d9e90c-428e-eb11-9152-901b0e9b71a8,centre_left,right,0.09388250022733476,0.04230299276310771,0.10369153181074671,0.3517790173564031,0.07842073628057675,0.10910180870734103,0.22082141285448997,centre
eaab1615-3011-ef11-87dd-6805cad9744d,centre,right,0.10468644550855993,0.04717119735861771,0.11562429492524616,0.3399309302675869,0.10038948015640266,0.12588022590144532,0.16631742588214127,centre
6ea68f97-2b43-e811-9106-901b0e9b71a0,centre,far_right,0.0,0.04923604002990228,0.12068556093856739,0.3548108555060702,0.09127312888491808,0.12698252936690713,0.2570118852736349,centre
00506c04-9b4f-e811-9108-901b0e9b71a8,centre_right,far_right,0.09850535108999192,0.04438602662047586,0.10879738738682121,0.31986008761390444,0.08228223727902714,0.11447407072932474,0.23169483928045478,centre
fd761c4a-c5d4-ee11-b1e0-6805cad971a9,right,right,0.08427421802454924,0.0457367615409614,0.11210825888377965,0.30384067843828516,0.09733672181835439,0.11795769241383254,0.23874566888023752,centre
01831778-39c7-ed11-b1c5-6805cad971a9,centre,centre,0.09660542292631297,0.04352992833630241,0.10669895092480537,0.4561077441307507,0.0806952134448182,0.10982702504243821,0.10653571519457218,centre
8324c684-b47a-e811-9109-901b0eac4c70,centre,centre,0.10009478203059005,0.0451022163833685,0.1105528852542505,0.47258222000699496,0.0836099005211331,0.11379394447738349,0.07426405132627932,centre
92477b59-9a66-e511-9426-00262d0d7125,centre,far_left,0.10871106978454492,0.0448961479684123,0.1479639685378719,0.3374407889026825,0.09554773268333078,0.11327402905746822,0.15216626306568937,centre
b317e727-b14c-e511-9427-00262d0d0c40,right,right,0.08695209766378362,0.04576008063438955,0.11216541778342402,0.3805271246377123,0.09738634938343765,0.1221145446814265,0.15509438521582639,centre
50137898-37ee-ec11-916f-901b0eac4c70,centre_right,right,0.09501929286872346,0.042815225935055316,0.10494709882325004,0.37115972810863224,0.079370307454333,0.11042288700202188,0.1962654598079839,centre
56494ce9-c039-ed11-9178-901b0e9b71a8,centre,right,0.11490852548514784,0.051777216310247655,0.12691439828314277,0.3731233950497356,0.11448517828599204,0.13353636658552726,0.08525492000020683,centre
5a70f0aa-46ca-e911-9123-901b0eac4c78,centre_right,centre_right,0.10541021249187611,0.04749732320084881,0.11642368253201388,0.34228109874202917,0.10108353936202866,0.11983685487205448,0.16746728879914888,centre
607f3fe8-1d33-e611-9437-00262d0d7125,right,centre_right,0.10455025280768158,0.04710982959757925,0.11547387253831226,0.35407888613657057,0.10025887762829261,0.11885919946813829,0.15966908182342554,centre
6d43ea0f-619a-e411-9412-00262d0d7125,centre_left,right,0.10468644550855993,0.04717119735861771,0.11562429492524616,0.3399309302675869,0.10038948015640266,0.12588022590144532,0.16631742588214127,centre
3b46481c-24cd-eb11-9156-901b0e9b71a8,centre_right,far_right,0.0,0.04923604002990228,0.12068556093856739,0.3548108555060702,0.09127312888491808,0.12698252936690713,0.2570118852736349,centre
d144a595-49d7-e611-9448-00262d0d7125,centre,centre_right,0.10893046228407922,0.04498675399539532,0.1102698681177914,0.37409637193224027,0.09574055992658924,0.11350263017800262,0.15247335356590191,centre
e3283cf4-9478-e811-9109-901b0eac4c70,centre,centre,0.09916460215259104,0.044683081906207185,0.10952551832030974,0.38735193308380655,0.09509428667344622,0.11273645841024116,0.15144411945339809,centre
24b055ee-37b1-ed11-917f-901b0eac4c70,right,right,0.13255211810956666,0.04538934697649914,0.1112566891481776,0.3015327171089502,0.08414217947000266,0.11706169062109031,0.20806525856571353,centre
4d8eccab-a0ad-eb11-914f-901b0eac4c78,far_left,left,0.09821252306049787,0.04425407975090458,0.14584790812214712,0.3680036723633797,0.08203763589302968,0.11165407596086813,0.14999010484917294,centre
3976ce7e-b2f8-ed11-b1c9-6805cad971a9,centre,right,0.09993164354144708,0.04502870698269331,0.14840084249490462,0.3384371064127419,0.09582984404108466,0.11360847854400462,0.15876337798312376,centre
5a35ab05-ffb7-eb11-914f-901b0eac4c78,centre,right,0.10009314431635923,0.045101478437392546,0.11055107642835801,0.37505038602997903,0.09598471584668972,0.1203570104660686,0.15286218847515284,centre
1933506b-c134-e711-9452-00262d0d0c40,right,centre,0.10013391472705413,0.045119849383888425,0.11059610661318768,0.37520315331862963,0.09602381279296143,0.11383843294919337,0.15908473021508526,centre
0846481c-24cd-eb11-9156-901b0e9b71a8,centre,far_left,0.11054555734192306,0.0456537656147614,0.14772519280223606,0.32899582551743356,0.09716009034930402,0.11518551605959096,0.15473405231475093,centre
6086f0d3-daf8-e611-944d-00262d0d0c40,centre,centre,0.09341493051790445,0.042092308152169744,0.13620112719157365,0.4410443216955995,0.07803017189650908,0.10619987576839315,0.10301726477785056,centre
483035bb-6e1e-e611-9437-00262d0d7125,far_right,centre,0.08620171275973663,0.03884206771456317,0.09520824029103336,0.40698821614848874,0.07200491856199093,0.09799944329404726,0.2027554012301399,centre
5e323d59-ac21-ef11-b1e6-6805cad971a9,far_right,centre_right,0.1117255960000467,0.046141105039426845,0.11309937071760155,0.38369560946675074,0.09819724340543577,0.11641508480097258,0.13072599056976583,centre
d098e374-dafe-e811-9111-901b0eac4c70,centre_left,centre_left,0.09703417393876569,0.043723121433344385,0.14409803194458123,0.3635883820255427,0.09305130412821333,0.11031445573478696,0.14819053079476577,centre
d271f1cb-7dcd-ed11-87bf-6805cad9744d,far_left,far_left,0.11465245059693188,0.047349854960885784,0.1160622138344957,0.341218394829418,0.10076969827300733,0.11946478906118851,0.16048259844407273,centre
e733dd11-b995-ed11-9180-901b0e9b71a0,far_left,right,0.09656665894634446,0.05081991370771531,0.12456789353774894,0.3376093221051162,0.10815465801990579,0.13829966260287654,0.14398189108029277,centre
4c44a595-49d7-e611-9448-00262d0d7125,far_right,centre_right,0.10893046228407922,0.04498675399539532,0.1102698681177914,0.37409637193224027,0.09574055992658924,0.11350263017800262,0.15247335356590191,centre
23eccd36-e2d8-eb11-9153-901b0eac4c78,far_right,right,0.09978386368445184,0.04496211810610966,0.1102094815368264,0.298694529501126,0.09568812996387753,0.11595984322337767,0.2347020339842309,centre
e89e5c80-3987-eb11-914b-901b0eac4c70,far_right,far_left,0.11299542588521061,0.046665526982215384,0.11438481439454004,0.35073949441090646,0.0993133152706231,0.11773821360096667,0.1581632094555378,centre
f4d6c821-a516-e611-9437-00262d0d0c40,centre_left,right,0.10009314431635923,0.045101478437392546,0.11055107642835801,0.37505038602997903,0.09598471584668972,0.1203570104660686,0.15286218847515284,centre
ed821778-39c7-ed11-b1c5-6805cad971a9,far_right,far_right,0.05138981004056709,0.027044797243825167,0.06629120708851897,0.17966531223314447,0.007868296274153813,0.06975006028410068,0.5979905168356898,far_right
266f07f4-3a1d-ec11-915b-901b0eac4c78,centre,right,0.10009314431635923,0.045101478437392546,0.11055107642835801,0.37505038602997903,0.09598471584668972,0.1203570104660686,0.15286218847515284,centre
08bb5e63-b97c-ef11-b1ee-6805cad971a9,centre,centre_left,0.10198079352401214,0.04595204388438495,0.1514438784446231,0.33114531536185904,0.09779488450561537,0.11593807909471641,0.1557450051847889,centre
ef64d644-22b1-e411-941b-00262d0d0c40,right,right,0.10801146844799288,0.04866943633822943,0.11929672291833117,0.3233231662668724,0.10357802402926243,0.12552122642959637,0.17159995556971522,centre
d16824d9-6ad4-e411-941b-00262d0d7125,centre,right,0.10009314431635923,0.045101478437392546,0.11055107642835801,0.37505038602997903,0.09598471584668972,0.1203570104660686,0.15286218847515284,centre
4dbdb32b-9250-e911-911c-0090facf175a,centre,centre,0.10009478203059005,0.0451022163833685,0.1105528852542505,0.47258222000699496,0.0836099005211331,0.11379394447738349,0.07426405132627932,centre
681e1b15-7dcc-ec11-9170-0090facf175a,left,left,0.10455025280768158,0.04710982959757925,0.11547387253831226,0.35407888613657057,0.10025887762829261,0.11885919946813829,0.15966908182342554,centre
eb87f68a-bb39-ed11-9178-901b0e9b71a8,centre,right,0.10704849360994204,0.04823552461339811,0.11823313454125443,0.32044058279543447,0.10265457550709711,0.13331763052869755,0.1700700584041763,centre
978c5a72-9578-e811-9109-901b0eac4c70,centre,right,0.10276363922675663,0.054081184280138715,0.1325617993873324,0.359274753366761,0.11509527593396743,0.14717477841706125,0.08904856938798253,centre
57f830b2-48d7-e611-9448-00262d0d7125,centre,centre_left,0.10732412411820857,0.04835972236450462,0.15937885012932942,0.40214496662869575,0.10291889247101448,0.10024567448475437,0.07962776980349283,centre
2f74dae9-8657-e811-9108-901b0e9b71a8,far_left,centre,0.10075459093576433,0.04539952303021997,0.11128163231482327,0.37752883559453687,0.09661901269334175,0.1145440560855804,0.15387234934573338,centre
3a74407e-609a-e411-9412-00262d0d7125,centre,far_left,0.11375031143581239,0.04697728413303916,0.1151489819961775,0.3906490243594538,0.09997679510702208,0.11852478416791445,0.11497281880058056,centre
728da3da-4a61-ef11-87e5-6805cad9744d,centre,centre,0.09387240275625916,0.04229844289231387,0.13940272732802628,0.4432042069724081,0.09001931117207297,0.08768114724552563,0.10352176163339412,centre
aeabfbcd-9447-e711-9450-00262d0d7125,centre,right,0.10822239582748203,0.04876447917780512,0.11952968841272145,0.35141263523380317,0.10378029367243163,0.13013202968329984,0.13815847799245684,centre
bc4aa2e3-61e7-e511-9433-00262d0d0c40,centre_left,left,0.09703417393876569,0.043723121433344385,0.14409803194458123,0.3635883820255427,0.09305130412821333,0.11031445573478696,0.14819053079476577,centre
1bbe050d-4adb-e711-90fb-901b0eac4c70,far_right,far_right,0.12513313251501576,0.056384373939654155,0.13820729272590546,0.13600594441201425,0.10452461706026613,0.1454184864436389,0.2943261529035053,far_right
5299eb8c-cba3-e511-9431-00262d0d0c40,centre,centre,0.10009478203059005,0.0451022163833685,0.1105528852542505,0.47258222000699496,0.0836099005211331,0.11379394447738349,0.07426405132627932,centre
90db90ca-3062-eb11-914e-901b0e9b71a0,centre,centre_right,0.10049893379318273,0.045284325179435446,0.11099926360214038,0.37657088477111694,0.09637384926729019,0.11679083347210541,0.1534819099147289,centre
c7bd050d-4adb-e711-90fb-901b0eac4c70,centre,centre,0.09271757631465598,0.04177808377870389,0.10240489431540803,0.4618799262201152,0.07744766685100353,0.10540708034114228,0.11836477217897104,centre
e781ee21-f2b4-ec11-9167-901b0eac4c78,left,right,0.09850535108999192,0.04438602662047586,0.10879738738682121,0.31986008761390444,0.08228223727902714,0.11447407072932474,0.23169483928045478,centre
e75405ad-619a-e411-9412-00262d0d7125,far_right,left,0.10899606194210087,0.04911308932313073,0.12038418871193206,0.35392483288060733,0.10452220384699057,0.12391347050540917,0.13914615278982936,centre
da6eacc0-2e9f-e511-942b-00262d0d7125,far_left,far_left,0.10494337890550899,0.043340144448810444,0.14283585696845236,0.36040366013024083,0.09223625463737811,0.10934819586534424,0.14689250904426507,centre
236b99cf-619a-e411-9412-00262d0d7125,right,far_right,0.1055067644640887,0.043572814787271756,0.1068040726077993,0.3139998196867605,0.09273142235907848,0.10993522855906711,0.22744987753593426,centre
102aaf21-3a0b-ec11-9160-901b0e9b71a0,far_right,right,0.10404265619160563,0.04688110905941246,0.11491324121154298,0.31144286352224526,0.08690758856416801,0.12090902932637479,0.21490351212465086,centre
a64eb1d7-f100-e811-9102-901b0e9b71a8,centre,right,0.0855691990399478,0.04503230575332109,0.11038152290265367,0.3903793100347178,0.09583750292474154,0.12017241746049094,0.1526277418841272,centre
18bb83e4-3971-eb11-914e-901b0e9b71a0,right,centre,0.08529261678438788,0.0384324335402173,0.09420416014810326,0.40269605840046097,0.08179169154677081,0.09696592671261514,0.20061711286744466,centre
d3d5f22d-016d-e911-911b-901b0eac4c78,far_left,right,0.13255211810956666,0.04538934697649914,0.1112566891481776,0.3015327171089502,0.08414217947000266,0.11706169062109031,0.20806525856571353,centre
d7f79a3e-3043-ed11-9177-901b0eac4c70,far_right,right,0.1075428854259838,0.048458295133628294,0.11877918140404495,0.32192050274871253,0.103128674490637,0.12931495233935672,0.17085550845763656,centre
0f771c4a-c5d4-ee11-b1e0-6805cad971a9,centre,centre_left,0.10520320538007849,0.04740404681460982,0.18228802543202616,0.3416089188839441,0.08787700375474651,0.11960151637279962,0.11601728336179529,centre
f8e49be5-4a09-ef11-87dd-6805cad9744d,far_right,right,0.09388250022733476,0.04230299276310771,0.10369153181074671,0.3517790173564031,0.07842073628057675,0.10910180870734103,0.22082141285448997,centre
d7fff3f9-ba95-ed11-9180-901b0e9b71a0,centre,left,0.1094658566220778,0.0991477830553078,0.12090306848063644,0.3554503192205391,0.09143762738636528,0.12444756217976564,0.0991477830553078,centre
7d31ee66-2172-ed11-917b-901b0eac4c70,centre,right,0.10049893379318273,0.045284325179435446,0.11099926360214038,0.37657088477111694,0.09637384926729019,0.11679083347210541,0.1534819099147289,centre
2a5df076-f693-ec11-916c-901b0e9b71a0,far_right,right,0.09501929286872346,0.042815225935055316,0.10494709882325004,0.37115972810863224,0.079370307454333,0.11042288700202188,0.1962654598079839,centre
6f675f45-d9fa-e711-90fe-901b0e9b71a8,centre_left,centre,0.0916947368635182,0.041317197353709596,0.1361688422271459,0.43292269018254664,0.07659328160709956,0.10424425313525977,0.1170589986307204,centre
d3340042-3516-ec11-9160-901b0e9b71a0,centre,far_right,0.10103037051611463,0.04552378795247408,0.11158622589785955,0.3024258419383841,0.08439140439792381,0.11740842149484632,0.2376339478023975,centre
de512aa2-12d8-e611-9448-00262d0d7125,centre,right,0.09601599508296497,0.04326433504968195,0.10604793848030655,0.32517603427327924,0.09207491749531617,0.11158116478598636,0.22583961483246498,centre
2d50438c-5d9a-e511-942b-00262d0d7125,left,right,0.08676546706435197,0.04566186297767632,0.11192467029464732,0.379710376022334,0.09717732311207421,0.11776452478690497,0.1609957757420113,centre
c7dc40e1-f02c-e811-9101-901b0eac4c70,centre_right,centre_left,0.09703417393876569,0.043723121433344385,0.14409803194458123,0.3635883820255427,0.09305130412821333,0.11031445573478696,0.14819053079476577,centre
431e5316-b26a-e611-9441-00262d0d0c40,centre_right,far_left,0.1272865165141462,0.043586265884599955,0.1068370434402486,0.3778437750051259,0.0807996512571138,0.10996916599153195,0.15367758190723363,centre
56c5d4c7-a7e9-e411-941b-00262d0d7125,centre,centre,0.0928005959569942,0.04181549202114019,0.10249658801618917,0.43814383492963344,0.07751701376296422,0.10550146220979835,0.14172501310328048,centre
8d6ff06c-4b61-ef11-87e5-6805cad9744d,centre,right,0.1119890776850059,0.046249919281972154,0.11336609216578687,0.34761577452422987,0.09842882127189713,0.1192811552243709,0.16306915984673723,centre
9dfc3686-7d0c-ef11-87dd-6805cad9744d,far_right,centre,0.09500998247793647,0.04281103071876762,0.10493681566419356,0.44857511581899423,0.07936253041709171,0.10801322957661622,0.12129129532640014,centre
