speech_id,truth,pred,prob_far_left,prob_left,prob_centre_left,prob_centre,prob_centre_right,prob_right,prob_far_right
be4aa2e3-61e7-e511-9433-00262d0d0c40,centre,left,0.0075155991008671276,0.6354148781113073,0.028766101989245695,0.011385676240881059,0.2184823895895908,0.05313227044235521,0.0453030845257529
8ab20e12-3b8e-e711-9457-00262d0d7125,far_right,right,0.06292069989352969,0.00987345676365872,0.013430663341296953,0.08929178561915871,0.06608545837075488,0.7451134475797462,0.013284488431854825
53fc3686-7d0c-ef11-87dd-6805cad9744d,centre,far_right,0.003217910611073573,0.036520905064319605,0.1404823418708197,0.08975449225312716,0.06220672336849781,0.25191936273469573,0.41589826409746644
ace66611-d9fa-e711-90fe-901b0e9b71a8,centre_right,left,0.1104475040311404,0.4667091455643622,0.19150757935772653,0.07150295430947158,0.06347898938201701,0.0654462503725382,0.030907576982744125
d4726345-f7f3-ed11-b1c9-6805cad971a9,far_right,centre_left,0.07949921781996824,0.046467678609675225,0.6137500851006736,0.04359649547582407,0.11597677004439391,0.09375814849676091,0.006951604452704091
88e0c032-879c-eb11-9152-901b0e9b71a8,centre,centre_left,0.0750155093853246,0.04761512405866962,0.6557193856908516,0.1010083129069668,0.03771195415968855,0.046865581039608764,0.03606413275889014
29a891a8-413a-e711-9452-00262d0d0c40,right,right,0.02754117412808097,0.016402858331456698,0.026837335546408003,0.023742519813251123,0.04518693654558524,0.6246879788809651,0.23560119675425287
6924adc5-9986-e411-9414-00262d0d0c40,centre,centre_left,0.2401450692144333,0.07329826440605115,0.4278203049708476,0.17897904161317074,0.051245155045500035,0.01117675185233892,0.017335412897658085
6dbe0d7e-1adf-e611-9448-00262d0d7125,centre,centre_right,0.07051098830461006,0.07860185946505048,0.1338823175965703,0.22102120695634137,0.399651683621363,0.05738705898957288,0.03894488506649196
dc676197-044e-e811-9108-901b0e9b71a8,far_left,centre_left,0.019372416131487064,0.015555132779150492,0.3881665274764813,0.33050521088462226,0.2329420027267745,0.005963314867176078,0.007495395134308421
7523adc5-9986-e411-9414-00262d0d0c40,right,centre,0.03924550175425422,0.0036195578288809684,0.01930590213101214,0.4630597800368588,0.1431532653457346,0.3237453065347359,0.00787068636852347
823e7be6-8cc7-e411-941e-00262d0d0c40,centre_left,centre_left,0.04051891838921563,0.06798997950859609,0.672573001078304,0.13818927157518285,0.03650343647705058,0.02670818953642745,0.01751720343522356
abc0bca8-a516-e611-9437-00262d0d0c40,centre,centre_left,0.007887226476508153,0.2739513203410836,0.3901547019100773,0.2944099382763663,0.018624823425011035,0.008637544700290937,0.006334444870662686
821af306-e465-e911-911b-901b0eac4c78,right,centre_right,0.00141359928987765,0.04876278275458661,0.03494941755922965,0.3528413244596547,0.46396335270031713,0.09566079698504219,0.0024087262512920565
e04d3c36-ce77-ed11-917b-901b0eac4c70,centre,right,0.0019386046478030543,0.003865253116320609,0.030140017042548067,0.15063936946573403,0.010877491825561112,0.5824849698303941,0.22005429407163904
a9701ac5-f533-eb11-914a-901b0e9b71a8,centre,right,0.05636000736406826,0.021734521682081228,0.02682810323095072,0.07237575619761372,0.14763470702635967,0.4326320891503225,0.24243481534860403
6270f0aa-46ca-e911-9123-901b0eac4c78,far_right,centre_left,0.0039009320810660104,0.01759074634051756,0.4374625988552075,0.3325654341651439,0.14037218863603032,0.009138033833543379,0.05897006608849133
1f838e95-3a1d-ec11-915b-901b0eac4c78,right,centre_right,0.018276101809571947,0.040072193770733296,0.1987815818617323,0.17094594199843036,0.460736016733726,0.007266599891574799,0.10392156393423131
8abb7eea-620d-eb11-9146-901b0e9b71a8,centre,centre,0.002041204337167092,0.004954566314559877,0.1413778702467235,0.6678479052309167,0.16953552301588518,0.011243474292922103,0.0029994565618256183
051cb89b-fb0b-e811-9102-901b0e9b71a8,right,centre_right,0.006360591062322773,0.3364692194301756,0.023961199246813763,0.013884336414662555,0.4476665409719873,0.16499109386506625,0.006667019008971794
67b9bf8e-782b-ec11-915b-901b0eac4c78,right,far_right,0.0029327617321717337,0.30579761978910924,0.0485985469170319,0.01936795440342223,0.0158511252050711,0.00804094172869804,0.5994110502244958
76415f8a-e14f-e911-911c-0090facf175a,far_right,right,0.10923958765980797,0.0024816663761180052,0.022185194715689797,0.15211270103490046,0.11058904982688604,0.34658152888909644,0.25681027149750135
3fa04b2d-45ca-e911-9123-901b0eac4c78,centre,centre_right,0.014690222799286268,0.2545725229454732,0.05507209186151041,0.0702181333882363,0.5564678860113319,0.0315103670352969,0.01746877595886513
81cd8283-67b5-e711-945b-00262d0d7125,far_right,left,0.007720825825865568,0.5446744428689945,0.1809525021708661,0.2396665405152463,0.014235833443874085,0.009054108828954412,0.0036957463461991485
a8a09872-b7f2-e611-944d-00262d0d0c40,centre,left,0.03195766270057411,0.6106662015529803,0.04162836304243837,0.2179260338816344,0.07367783755684179,0.01616647792039882,0.007977423345132205
76a859bc-3cbb-ec11-9167-901b0eac4c78,right,right,0.02393848604732093,0.022597593121170864,0.07328785076027783,0.22028303023991763,0.11881387310617936,0.3255682684377559,0.21551089828737754
d6726345-f7f3-ed11-b1c9-6805cad971a9,far_left,centre_left,0.03781625820468201,0.1507008795865035,0.5748396769777162,0.15268851845614384,0.04991946977783702,0.008241782018627608,0.02579341497848983
6d059682-7d14-eb11-9143-901b0eac4c70,centre,centre,0.044812117169743294,0.023273873620155594,0.08313449434608301,0.48761049852494875,0.21900518790254675,0.02203596289753559,0.12012786553898702
ba5138e1-abb2-e411-941b-00262d0d0c40,centre_left,centre_right,0.060171748328343,0.04249683792512514,0.13972603026125588,0.27578504571857476,0.40554318737108663,0.04735099892579812,0.02892615146981655
ff23adc5-9986-e411-9414-00262d0d0c40,far_right,centre_left,0.01887998958070162,0.013133040139027895,0.5002431776387262,0.31081472849175973,0.032984167881972476,0.007230170760759112,0.11671472550705306
03f5e8cf-9ce2-e811-910f-901b0eac4c70,far_left,far_left,0.3106958828215036,0.17110975416120178,0.12157401261813267,0.28890431539595157,0.04850323262083433,0.04825815545849239,0.01095464692388381
9e44a595-49d7-e611-9448-00262d0d7125,far_right,far_right,0.010471581549326018,0.011238836622043575,0.11119481988972715,0.1553828051377821,0.21857868110537396,0.018083763552535728,0.4750495121432115
d22b65d0-cd08-e711-944e-00262d0d0c40,centre,right,0.0043228165532683775,0.1224444067745182,0.0091351338012194,0.10749232970279705,0.20343381286009676,0.44136822945536186,0.11180327085273832
81bca0e8-555a-e711-9453-00262d0d7125,centre_left,far_right,0.013336490971881198,0.011220480373154903,0.12469929277493931,0.014725189817584257,0.021662953086711907,0.37072547243348,0.4436301205422485
44d4a422-4398-ee11-b1d9-6805cad971a9,far_right,right,0.0907020908337071,0.007232250002766927,0.26991796906651566,0.03424880298848014,0.17641214184824416,0.41955471628636565,0.0019320289739203926
52a8311f-c02a-ed11-9178-901b0e9b71a8,centre_left,right,0.004983280566111276,0.24057442384199654,0.03751100423659097,0.12135281982159649,0.17380050980725836,0.4202746622780938,0.001503299448352668
ff850640-344b-ee11-87c9-6805cad9744d,left,right,0.00989078274145458,0.31168025922969944,0.013799330223200004,0.06015553742930389,0.18436069948425685,0.4191433242707197,0.0009700666213654116
d3a9436e-cbcf-ed11-87bf-6805cad9744d,centre,centre,0.0686798171757861,0.04288938218506433,0.07607596408764646,0.3871100872938388,0.33735684445957853,0.05595252782362717,0.03193537697445868
9b29e5d3-af6a-e611-9441-00262d0d0c40,centre,centre_left,0.15199827474934605,0.03166914613225,0.3292477264118875,0.3128881676150069,0.10774011160443446,0.028298705950122134,0.03815786753695298
1baadf55-250c-ee11-87c3-6805cad9744d,centre,centre_left,0.0012757827756144846,0.02041886652779988,0.636645539504854,0.03497998452605971,0.20246553986969867,0.10199340143860333,0.0022208853573698725
359e10aa-c5c7-e411-941e-00262d0d0c40,centre,left,0.011194401822373575,0.7018535288670389,0.05298195661385865,0.006387247627493268,0.18993664620660744,0.03036004689420162,0.007286171968426649
5350fb78-c9c3-e711-945b-00262d0d7125,centre,centre_left,0.04563647537409889,0.018238626922776988,0.7354392142126492,0.10484723493482209,0.04488894128255069,0.02107627885943074,0.02987322841367137
2da7e5c2-a4e2-e411-941b-00262d0d7125,far_right,right,0.02042168211411222,0.010347476308541017,0.2544648019489393,0.019916337129512015,0.1446305281600222,0.44067425380695147,0.10954492053192187
02bf3945-c8c3-e711-945b-00262d0d7125,centre,left,0.03745637817491425,0.6323327468702492,0.01801023970447738,0.2726888768699313,0.02708576102129929,0.008711772158748776,0.0037142252003798107
e150e640-d1d9-e711-90fb-901b0eac4c70,centre_left,centre,0.004257044831177351,0.003260274149347837,0.043879678598983694,0.8354210936022708,0.09903470864753404,0.005229317566798712,0.0089178826038876
b8022d69-c139-ed11-9178-901b0e9b71a8,centre,left,0.028868176783810647,0.6835119261894567,0.03084376536138493,0.10136008508457164,0.056092855793524146,0.09607271968738201,0.003250471099870099
5333506b-c134-e711-9452-00262d0d0c40,far_left,right,0.012164970528257454,0.019873481598603127,0.21684302890085472,0.11604927934086247,0.20110747599761786,0.42898624392260887,0.004975519711195545
b89ffcda-b417-ec11-9160-901b0e9b71a0,centre_left,centre,0.054424322888197874,0.03943613659246969,0.20062505724179214,0.4722077248922827,0.16801125369802153,0.03598326971286162,0.029312234974374473
09bf3945-c8c3-e711-945b-00262d0d7125,right,centre_right,0.04313607159391962,0.23013051959394967,0.2496238447491639,0.031364433348467016,0.34144997095143953,0.09072397289837027,0.013571186864689852
c718556a-c8c3-e711-945b-00262d0d7125,centre,centre,0.06702008451648211,0.007748288904662653,0.02985138683440951,0.6602396585012957,0.1744037894348411,0.018179122376221327,0.042557669432087476
edc44eb9-b09c-e411-9412-00262d0d7125,centre,centre_right,0.0715988404116902,0.031001057149865417,0.06716300457440921,0.13140504104271206,0.6699503964658069,0.02156317960559595,0.007318480749920348
0354ce61-5c0b-e811-9102-901b0e9b71a8,centre_left,far_right,0.0006400028735987493,0.11160910155341129,0.02362680330434309,0.1734181526962745,0.05727550374291458,0.18822968562152628,0.4452007502079315
33e46a8a-b54c-e511-9427-00262d0d0c40,centre_right,right,0.01453261081487295,0.036708850669638894,0.1090188186607562,0.01690569812168013,0.261248134167856,0.44021510182394613,0.1213707857412497
7b65139e-2ab4-ec11-9167-901b0eac4c78,centre,right,0.03309632385219095,0.030997790107648693,0.09925092623912649,0.041068822212396605,0.1371779089895769,0.6512112167663587,0.0071970118327017605
f784bd47-e04d-ec11-915f-901b0eac4c70,left,centre,0.0017448070413568432,0.034565558649901754,0.25463816056696476,0.46413449524009914,0.15755638439100433,0.010785955863492947,0.07657463824718024
2318b480-7506-ec11-9160-901b0e9b71a0,centre,centre_right,0.052685452681997334,0.009136904047487895,0.036689999518002454,0.26030315810394644,0.6239746784851186,0.011564517627135628,0.005645289536311721
ed1fdd90-3c8e-e711-9457-00262d0d7125,left,centre_left,0.008287435667521137,0.018117673116284577,0.4010222264282301,0.35702559310039295,0.1931196148301409,0.0031626787557362647,0.019264778101694156
4d508392-799b-ee11-b1d9-6805cad971a9,centre,centre,0.04818112623953297,0.03216074434546348,0.20573936644618845,0.35314264000781,0.3155429358328035,0.032344227903235316,0.01288895922496614
a689247b-ffb7-eb11-914f-901b0eac4c78,centre,right,0.011623195541074608,0.01248705993201409,0.05245258718023657,0.048805973232811856,0.2965667895879505,0.4590517006280155,0.11901269389789691
2dcd08fd-5909-e711-944e-00262d0d0c40,left,right,0.0003264282020647654,0.040778978523569105,0.11959759568891304,0.003281875425538353,0.05594078072804991,0.42362113626374737,0.3564532051681175
fccf70b1-5139-eb11-914a-901b0e9b71a8,centre,centre,0.002541589836279833,0.004591832304476966,0.07273536195706111,0.7458003412169857,0.16357035729433692,0.008333315793874436,0.002427201596985104
5d8a9686-5438-e611-9437-00262d0d7125,far_right,centre,0.001788568065694512,0.0037091599081782774,0.20116353574920023,0.45711626378864123,0.06507600065706644,0.010740543504528896,0.2604059283266904
572f24ec-2982-e911-9121-901b0e9b71a0,far_right,far_right,0.04914806315682287,0.006167996749881517,0.040662963548828694,0.34216047006143635,0.03113380280936884,0.0069120390475706905,0.523814664626091
4d415f8a-e14f-e911-911c-0090facf175a,centre_right,left,0.055845492135332894,0.5982606637840432,0.058391127069880644,0.019445541521504753,0.11477852611789484,0.111409079012831,0.04186957035851268
5c522aa2-12d8-e611-9448-00262d0d7125,far_right,centre,0.246985152021988,0.0046653570493249575,0.08231026494741708,0.36009460599604215,0.26003183956948706,0.02814478578280483,0.017767994632935852
0fe46a8a-b54c-e511-9427-00262d0d0c40,centre,centre_left,0.08859689239143496,0.18899955814199362,0.37616988560773323,0.05760010167036608,0.17440940831006638,0.09376313608174373,0.020461017796661957
c223adc5-9986-e411-9414-00262d0d0c40,far_right,right,0.040066395598683066,0.01658457420757105,0.20080856167786296,0.07631313403512,0.009683845793641217,0.3358733035623957,0.320670185124726
e4658dc8-f5a6-ed11-917f-901b0eac4c70,right,centre,0.007359190740955042,0.008661546483022108,0.14912301592413957,0.6724776567647095,0.07092044896027078,0.02385409264306438,0.06760404848383872
f0ee186f-1a18-e911-9112-901b0eac4c70,centre,right,0.13985310000031279,0.0065312206351121095,0.17488302582586135,0.07947630309632901,0.2661937502438313,0.32542488940687536,0.007637710791678103
81d350ca-aeb9-ec11-9167-901b0eac4c78,centre,centre,0.004509068580293152,0.008889107035393971,0.13926471518680464,0.44217728521709687,0.214462179332156,0.02132695181420078,0.16937069283405456
2f0f0b93-7318-ef11-87dd-6805cad9744d,centre,right,0.03845101610486342,0.00906501484998272,0.005754604170494369,0.016796998835509447,0.0263747134191219,0.6397495455513357,0.2638081070686925
6becdddf-489b-e411-9412-00262d0d7125,right,right,0.031234170007022576,0.011534069168056368,0.0030082046609991473,0.01038846506762688,0.05485930505201075,0.6214799660281516,0.2674958200161328
dea6b665-816a-e811-910a-901b0e9b71a8,centre,right,0.05094722506305068,0.04335711261233982,0.018018287107459587,0.16406520721153803,0.19459482293950126,0.49121900373640026,0.037798341329710335
001a113d-60dc-e511-9433-00262d0d0c40,centre_right,centre_left,0.028794810373272396,0.15358398524329767,0.6553918454060276,0.07499022082041892,0.0667450865169977,0.01882047561345132,0.0016735760265344354
8ea7a479-4cbf-e511-9431-00262d0d0c40,right,centre_left,0.01682174723476044,0.09175855850151804,0.803591878997003,0.056859970018484994,0.022251713062298666,0.004113157814711483,0.004602974371223437
5e37c704-0482-ed11-9180-901b0e9b71a0,far_left,right,0.006321825246982022,0.11056337702314999,0.013098080523510608,0.0037344530728397854,0.11831551081434699,0.4063696484163273,0.3415971049028434
9605a3cd-6fc6-ee11-87d6-6805cad9744d,far_right,right,0.04940474584459776,0.024365908975087575,0.025073675804422605,0.014449608210344281,0.11152162649440635,0.5733767081384638,0.20180772653267773
1f50430d-276d-eb11-914e-901b0e9b71a0,far_left,right,0.015574986419089418,0.017705387401353478,0.03168554290280396,0.13793416187952293,0.34614830131159813,0.435622066077511,0.015329554008121098
d7829754-be2a-ed11-9178-901b0e9b71a8,far_right,right,0.009891513928511918,0.015192426106930664,0.024425372959052054,0.08152471642197953,0.14936857217619198,0.5208333832561048,0.19876401515122905
19ecdddf-489b-e411-9412-00262d0d7125,far_right,centre_left,0.031957936001476804,0.12567477461820772,0.45663802577327245,0.17314996472177266,0.11539233452859028,0.009755615780370866,0.08743134857630934
fae852a9-3416-ec11-9160-901b0e9b71a0,centre,centre_right,0.07617143303997494,0.04936274185936715,0.036903718732408684,0.03914162383410784,0.7132160861923936,0.038240399121874886,0.046963997219872766
99d60a4d-4179-e811-9109-901b0eac4c70,centre,centre_right,0.14480564102502078,0.006314831552754165,0.019960676808781826,0.02302296259631728,0.7957885046966268,0.008127683866337809,0.0019796994541614816
8cb5a076-cb98-e511-942b-00262d0d7125,far_right,right,0.010395560582884265,0.014906351957124255,0.26820846800831116,0.004447996100981475,0.1905573061621764,0.47318212728592407,0.03830218990259838
5c87f5e5-799b-ee11-b1d9-6805cad971a9,far_right,far_right,0.031340485262320535,0.03625110198210441,0.0543457188977448,0.08635832022802607,0.07726441536151776,0.11767017119263737,0.5967697870756491
67f3a875-3d5f-ec11-915f-901b0eac4c70,far_left,right,0.001231344278912818,0.10117892607712056,0.0035196610203390866,0.0025224098506561625,0.1721293952537454,0.7180337632625697,0.001384500256656164
86701ac5-f533-eb11-914a-901b0e9b71a8,centre,centre_right,0.06370574728943722,0.03684134077488964,0.09600906528593853,0.15741415903004322,0.551196755819478,0.060429489058365926,0.034403442741847645
d6a8f6e1-b4c5-e511-942f-00262d0d7125,right,centre,0.004639911469919664,0.004020954812805394,0.01969240841337878,0.7008714037148305,0.23584529058977458,0.025702391991209907,0.009227639008081264
0a1cb89b-fb0b-e811-9102-901b0e9b71a8,centre,centre,0.009181897694150353,0.018483953756897736,0.18822388764447592,0.35104146735866537,0.1973703172859799,0.008727089643006107,0.22697138661682464
edb0353b-d43c-e811-9106-901b0e9b71a0,left,right,0.0023368781652176106,0.002249843020751936,0.046008270467311874,0.16756886965609727,0.012294528896317772,0.4688190207187001,0.30072258907560345
e86abe19-b16a-e611-9441-00262d0d0c40,centre,left,0.30640562521394665,0.6174387979662019,0.014589253648945895,0.0037968570462415907,0.04444544957125589,0.009029173257106435,0.004294843296301736
dbd48639-3613-e511-9422-00262d0d0c40,far_left,centre_right,0.09526991399585064,0.04984676834817785,0.13619505114263375,0.2377563108402014,0.3907114778791058,0.0253680839358309,0.06485239385819962
7b5bc97a-7651-e911-911c-0090facf175a,centre_right,centre_left,0.09110054807172388,0.06040388155128437,0.6879151524005993,0.03162553443828193,0.06619121903652266,0.04561306664900803,0.017150597852579857
f43509c0-01fe-ed11-87c3-6805cad9744d,centre,right,0.01375633647543569,0.0050023463563162235,0.005711739472870115,0.044218344697027075,0.017096566464641774,0.5035572474437079,0.4106574190900012
9d646154-4dfc-e711-90fe-901b0e9b71a8,centre,left,0.00482563624895133,0.6013352251468677,0.055005099456003126,0.27156964875443135,0.05459034339146348,0.008458721194160222,0.0042153258081228315
34eccd36-e2d8-eb11-9153-901b0eac4c78,centre,centre_right,0.00048189502310792197,0.002998613025582753,0.005973814851042411,0.007850762036703332,0.5618117198118135,0.42003959160462534,0.0008436036471247546
8f771c4a-c5d4-ee11-b1e0-6805cad971a9,centre,centre,0.06812869469530454,0.04166116914491987,0.08243978465959514,0.4011781830989677,0.31561490871542686,0.04600805366057694,0.04496920602520886
de5405ad-619a-e411-9412-00262d0d7125,centre,centre_right,0.09834397038972055,0.09626633385912062,0.15879635149438218,0.1936312055779981,0.4153621901871151,0.023007419303572595,0.014592529188090798
04eb98c7-1114-e511-9422-00262d0d0c40,far_right,right,0.19821518279166206,0.006533287792467408,0.029587630545343697,0.0487315813248085,0.06834571927029061,0.6443374004456448,0.0042491978297831065
a024ce50-8052-e711-9455-00262d0d0c40,centre,right,0.025667909955897048,0.03664431431228294,0.0064014941949513,0.005538364915212298,0.3342345438383916,0.4351782747390595,0.15633509804420542
93a57cff-adb9-ec11-9167-901b0eac4c78,centre,centre_right,0.05147838988475587,0.0365069049946799,0.1003661099818549,0.33989591762606275,0.3988326545001819,0.038928564854033905,0.03399145815843077
fd52e660-6f60-e511-9426-00262d0d7125,right,centre_left,0.05387889037832753,0.06535265788488219,0.6695390123791612,0.05975737997222387,0.10191725282648328,0.029995232579640995,0.019559573979281018
e2c337dd-18fe-e411-941d-00262d0d7125,centre,right,0.027511858147636202,0.015835727075476105,0.11493218581919694,0.05016998120064577,0.2419592225658414,0.4344227973637404,0.11516822782746317
0c33dc30-69a5-e511-9431-00262d0d0c40,centre,right,0.002725763095246937,0.004183580461435296,0.02840665262543837,0.10627229271694791,0.31910981176185393,0.43056530458367337,0.10873659475540423
db7538a3-9595-ec11-916c-901b0e9b71a0,left,centre_right,0.0052659954860776485,0.014691312070860317,0.03673031037689804,0.3199569971961086,0.611737981556199,0.005357878819451389,0.0062595244944050376
90a850f7-7b40-ec11-9164-0090facf175a,centre,centre_right,0.007706666979641005,0.010211093801862274,0.012136695761357197,0.34543154867463804,0.5340075799677036,0.08472469242690435,0.005781722387893659
e2cbbe7f-b905-e811-9102-901b0e9b71a8,centre,left,0.04110819862385178,0.6147473713914702,0.017665972464744533,0.1702964101565419,0.06564259866555718,0.08650517934742846,0.0040342693504060445
c11919c2-61dd-ee11-b1e0-6805cad971a9,right,right,0.09242386223655284,0.0026223208146062696,0.01572794493225288,0.04718321972071269,0.06934719842731996,0.548367549090788,0.22432790477776732
2c30a1e4-1a2f-eb11-914a-901b0e9b71a8,centre,right,0.0009562791334488162,0.04479874289287297,0.010898208476155307,0.011102152408756514,0.12218767118846947,0.5907022665196854,0.21935467938061165
c6d350ca-aeb9-ec11-9167-901b0eac4c78,centre,centre,0.023364845570986014,0.026357462477943135,0.19830257485592426,0.4454047921222656,0.24920935508621095,0.02489141106723063,0.03246955881943951
c023adc5-9986-e411-9414-00262d0d0c40,centre,centre,0.25093500668093066,0.005607210896179835,0.04354773346218179,0.4967829699359844,0.15060321719059497,0.047711855410095434,0.004812006424032717
2e9a37a3-620d-eb11-9146-901b0e9b71a8,centre_left,right,0.0016832370884029611,0.004242402758324729,0.003225892305746939,0.30706905511784743,0.026999053904674452,0.6520030868691085,0.004777271955895053
4aeba563-8f77-eb11-914b-901b0eac4c70,centre,centre_right,0.05583775126309174,0.039382836996271854,0.054559206851292764,0.10431178952093517,0.6799641709643891,0.030645510796433517,0.03529873360758586
3cc2362d-eeb9-e511-9431-00262d0d0c40,centre,left,0.1088889074285365,0.604563587156256,0.06981665156153381,0.010288905984674185,0.11183183522334819,0.007327390418401055,0.08728272222725025
435b0482-cabd-ed11-b1c5-6805cad971a9,far_right,centre,0.06394844607339527,0.004691657156201527,0.06559475732281274,0.6794551374018439,0.09537556545429125,0.028003344180124866,0.06293109241133042
ccb44f31-ade0-eb11-9153-901b0eac4c78,right,right,0.005091173121080176,0.04707913982084637,0.14785125262145912,0.002910519966220105,0.19851312661865209,0.5259504110185907,0.07260437683315152
5e86e568-5a17-ef11-87dd-6805cad9744d,far_left,far_right,0.004794908219667923,0.01126061272258174,0.09003431796191229,0.13537991818386266,0.009393001811883642,0.3589650107727117,0.39017223032737997
b11deae6-b16a-e611-9441-00262d0d0c40,centre,right,0.0017845482117660382,0.11625436351483329,0.03411886699438101,0.07284086888854617,0.11169397024886636,0.3683598986890782,0.294947483452529
38060083-30ce-ed11-87bf-6805cad9744d,centre,right,0.01025222449329224,0.01211253125752495,0.05808603930198589,0.13226872710566995,0.21168318485757162,0.45019579012927446,0.12540150285468096
4d2b8c89-7706-ec11-9160-901b0e9b71a0,centre,right,0.0006271644113805791,0.008459220694076081,0.05506220870170107,0.08717066113367995,0.3082487981801366,0.43038821731873456,0.1100437295602912
3b38823f-33c4-e511-942f-00262d0d7125,far_left,centre_left,0.049446404412426065,0.04508506084070343,0.5981913870994024,0.15809975963510509,0.08603457514167116,0.02058507709602282,0.042557735774669064
4e47248e-d89e-e711-9457-00262d0d7125,centre,centre_right,0.1756720285199604,0.023765394165276493,0.0379349430718543,0.03569323544477753,0.7095414686591345,0.008251133105648482,0.009141797033348284
9e835025-b1c7-ec11-9170-0090facf175a,right,centre_right,0.0978554849192066,0.012835613087567095,0.020703301529990777,0.16869599098164284,0.6411701197251407,0.03553006945899244,0.02320942029745965
4e692c04-d43c-e811-9106-901b0e9b71a0,centre,centre_left,0.008656293348547579,0.03243277306692566,0.3295570096451872,0.24354624922582846,0.3116670059085172,0.056385681543716024,0.017754987261277957
3a2045de-bb39-ed11-9178-901b0e9b71a8,centre,far_right,0.01942016043915059,0.012653712199560317,0.01646137258660992,0.034328946378511846,0.1483531258910366,0.2657664039484928,0.5030162785566379
686d8a72-d21b-e811-9102-901b0e9b71a8,left,centre,0.04466441929300614,0.044888925667499864,0.11837482267334112,0.4183115326667796,0.2965619986631409,0.045038553078850956,0.032159747957381406
02d67e32-1108-e811-9102-901b0e9b71a8,centre,centre,0.00856475314935647,0.007425629005216146,0.020977927843970158,0.5545040953633656,0.28926429340724413,0.0754548183368548,0.04380848289399266
53d9e90c-428e-eb11-9152-901b0e9b71a8,centre_left,right,0.013063130266545497,0.009985056221523417,0.006684533896917999,0.07313211008084111,0.04049770900127494,0.6298929209167577,0.22674453961613933
eaab1615-3011-ef11-87dd-6805cad9744d,centre,right,0.018356356769589112,0.24164982845302152,0.03038763534164231,0.015532729564244738,0.12871719671868903,0.4484223844807377,0.11693386867207557
6ea68f97-2b43-e811-9106-901b0e9b71a0,centre,far_right,0.0009026637542930134,0.006226670218148211,0.06864138511154566,0.047648314709153386,0.0729788824637511,0.3441542689828257,0.45944781476028296
00506c04-9b4f-e811-9108-901b0e9b71a8,centre_right,far_right,0.013511764501214996,0.01671102745798603,0.023905711931395002,0.043334944507279406,0.24178644151474657,0.18775836022089065,0.47299174986648734
fd761c4a-c5d4-ee11-b1e0-6805cad971a9,right,right,0.0035046573721133406,0.008354719741451392,0.17740850007060352,0.012038425491030229,0.08021355234779204,0.379937386094453,0.33854275888255647
01831778-39c7-ed11-b1c5-6805cad971a9,centre,centre_left,0.01405113551463163,0.24376329852223344,0.30385067475498795,0.2940779032206932,0.10938497911454914,0.00632671872426077,0.028545290148643977
8324c684-b47a-e811-9109-901b0eac4c70,centre,left,0.009778884700873961,0.6583018079899979,0.018012715504119346,0.28532814447915694,0.018074520600811023,0.00780630010513513,0.0026976266199057832
92477b59-9a66-e511-9426-00262d0d7125,centre,centre_right,0.08736950120064374,0.05061786721451338,0.11094513074284375,0.2582978038383105,0.4419832154786147,0.01647982145561005,0.03430666006946385
b317e727-b14c-e511-9427-00262d0d0c40,right,right,0.0017462879073214933,0.009760066896432266,0.07904409769877249,0.18986990233553228,0.17141988607761816,0.4401421248526887,0.10801763423163466
50137898-37ee-ec11-916f-901b0eac4c70,centre_right,right,0.0033686565924115654,0.004577902288762915,0.004593302036265687,0.15633277254531172,0.07139212011172327,0.5566178097884719,0.20311743663705306
56494ce9-c039-ed11-9178-901b0e9b71a8,centre,right,0.003976809629871528,0.0027037801581786735,0.027399740063455198,0.24902051922992705,0.29393853864392117,0.4208061129089117,0.0021544993657348927
5a70f0aa-46ca-e911-9123-901b0eac4c78,centre_right,right,0.04994038782953052,0.021852010987915806,0.03056939886129944,0.027610224222801585,0.18174026159648535,0.6405297621955538,0.04775795430641351
607f3fe8-1d33-e611-9437-00262d0d7125,right,centre,0.06301994080305019,0.02640996862636832,0.05869901607415485,0.4763294564573647,0.30662027509292494,0.032668922140352614,0.03625242080578453
6d43ea0f-619a-e411-9412-00262d0d7125,centre_left,right,0.01676873967458344,0.019018092927860126,0.16195438157239928,0.09554840157188343,0.14480235968001456,0.4411561292405378,0.12075189533272138
3b46481c-24cd-eb11-9156-901b0e9b71a8,centre_right,far_right,0.0005839312659274258,0.0031109260793673907,0.10082256024837848,0.027226746376171868,0.07013647614122136,0.36758051110496165,0.43053884878397186
d144a595-49d7-e611-9448-00262d0d7125,centre,centre_right,0.06826467835846474,0.007043213101102905,0.07068315372677111,0.15645098821347167,0.6401416015277325,0.023765842624749622,0.033650522447707464
e3283cf4-9478-e811-9109-901b0eac4c70,centre,centre_right,0.026781793428917105,0.057229122502067895,0.016959525240590512,0.15642386602386207,0.5113724711297638,0.20724815018746184,0.02398507148733664
24b055ee-37b1-ed11-917f-901b0eac4c70,right,right,0.15115154457473845,0.0022677432971133756,0.0014097781381631064,0.0028875782145088053,0.008014552851389075,0.633200341354478,0.20106846156960917
4d8eccab-a0ad-eb11-914f-901b0eac4c78,far_left,centre_left,0.0432531499192176,0.18623279998612238,0.5727270771337186,0.09199296076492812,0.03858037971703948,0.036776411769879246,0.030437220709094732
3976ce7e-b2f8-ed11-b1c9-6805cad971a9,centre,centre_left,0.03614975009355102,0.04910027270277494,0.5270597663432789,0.20518514701565457,0.0646461295165419,0.07553398553891143,0.042324948789287255
5a35ab05-ffb7-eb11-914f-901b0eac4c78,centre,right,0.005986846668946121,0.008942870205185818,0.08588562832623048,0.12170702872272739,0.22673460925263353,0.4404905888020512,0.1102524280222254
1933506b-c134-e711-9452-00262d0d0c40,right,centre_right,0.048895271349018034,0.039511673872856375,0.05627285405946498,0.1539821461850181,0.626161913921247,0.03275522457271806,0.042420916039677486
0846481c-24cd-eb11-9156-901b0e9b71a8,centre,far_right,0.0937071771633045,0.06491362464963395,0.1870411113418552,0.10819132869439524,0.23896075206774006,0.047575600040402226,0.2596104060426688
6086f0d3-daf8-e611-944d-00262d0d0c40,centre,centre_left,0.01334495278087013,0.007461182878488559,0.5320734807060737,0.3917779637348053,0.03973304477012599,0.011213629219302447,0.004395745910333873
483035bb-6e1e-e611-9437-00262d0d7125,far_right,centre_right,0.017019808198192057,0.11870602001850503,0.1946027255418523,0.19976672350270308,0.2981021918689791,0.008309860672513113,0.16349267019725539
5e323d59-ac21-ef11-b1e6-6805cad971a9,far_right,left,0.06549560708240047,0.5238010645208826,0.022781660188737615,0.08066370011070882,0.20106029496630912,0.08566475395064604,0.020532919180315537
d098e374-dafe-e811-9111-901b0eac4c70,centre_left,centre_left,0.05670112717700348,0.029074098461872894,0.6674880141189423,0.10308032497023605,0.06304887226127423,0.044011146113578134,0.03659641689709288
d271f1cb-7dcd-ed11-87bf-6805cad9744d,far_left,left,0.08466858189905896,0.5819365263666199,0.06819508843621895,0.007123012728005907,0.1643018024619473,0.04598961902010768,0.04778536908804151
e733dd11-b995-ed11-9180-901b0e9b71a0,far_left,right,0.010271668997014375,0.09804271582272979,0.09378137380329142,0.0186593431724327,0.1757841456861875,0.5307863105195249,0.07267444199881941
4c44a595-49d7-e611-9448-00262d0d7125,far_right,right,0.05784946379275031,0.04049036203098564,0.035119286945963016,0.07959902189758629,0.2661679919983996,0.4903767942592535,0.030397079075061652
23eccd36-e2d8-eb11-9153-901b0eac4c78,far_right,far_right,0.028692337740312525,0.01991779390722831,0.07562527340018502,0.023846882672940477,0.07297819519065395,0.3681718591979643,0.41076765789071545
e89e5c80-3987-eb11-914b-901b0eac4c70,far_right,centre,0.08258393275481653,0.049168266522446345,0.1283056809955358,0.5103725175279148,0.14792532436596928,0.047331049308090345,0.034313228525226946
f4d6c821-a516-e611-9437-00262d0d0c40,centre_left,right,0.02395841382252392,0.21436802889161388,0.015963329694290953,0.07221884117162937,0.13079522731278456,0.43362519670609256,0.10907096240106474
ed821778-39c7-ed11-b1c5-6805cad971a9,far_right,far_right,0.001050260200242103,0.0021275457021196075,0.02247065696663818,0.005900838110817449,0.005715174676505173,0.1956965218762407,0.7670390024674368
266f07f4-3a1d-ec11-915b-901b0eac4c78,centre,right,0.006442958511668784,0.00813251332945812,0.004196073169644693,0.07910967529216316,0.01826828534209929,0.8756827460182495,0.008167748336716532
08bb5e63-b97c-ef11-b1ee-6805cad971a9,centre,centre_left,0.06874798366010253,0.04533477304868034,0.3744713081533881,0.3083550698338096,0.0861760947638438,0.06905326355749407,0.04786150698268153
ef64d644-22b1-e411-941b-00262d0d0c40,right,right,0.038302518746762375,0.05584032859948243,0.028962525819046424,0.008942342122821018,0.07150068327948891,0.7353878232843879,0.061063778148010964
d16824d9-6ad4-e411-941b-00262d0d7125,centre,right,0.007212712651202429,0.005617522628181123,0.10311963938463678,0.20121640210429093,0.14136231054416934,0.43256371323634557,0.10890769945117379
4dbdb32b-9250-e911-911c-0090facf175a,centre,left,0.019934904081474237,0.5888015171216785,0.06823440697868058,0.28036293856752637,0.026734584711557506,0.012776330667090552,0.0031553178719923884
681e1b15-7dcc-ec11-9170-0090facf175a,left,centre_left,0.05751151775406445,0.13951861651220637,0.3338843249995256,0.15161955951662345,0.23415893324291234,0.06473983337835476,0.018567214596313063
eb87f68a-bb39-ed11-9178-901b0e9b71a8,centre,right,0.01783406837933585,0.01438358225115262,0.14401234264822632,0.012530479794278033,0.07743201689813567,0.5812110830330964,0.15259642699577505
978c5a72-9578-e811-9109-901b0eac4c70,centre,right,0.0005404880575425957,0.06143935282703667,0.10489453574521058,0.09784028685714563,0.25637692581304244,0.478076190595708,0.0008322201043140999
57f830b2-48d7-e611-9448-00262d0d7125,centre,left,0.02143184917393039,0.49426189130740095,0.1856450896855556,0.08926153257258353,0.19062120724801312,0.012095218984473586,0.006683211028042708
2f74dae9-8657-e811-9108-901b0e9b71a8,far_left,centre_left,0.06955552776847657,0.08942878569524029,0.6099739606609674,0.07552841431930801,0.047966498587794976,0.06321569306435948,0.04433111990385316
3a74407e-609a-e411-9412-00262d0d7125,centre,centre_right,0.12041121667747716,0.03775505278578796,0.08167612349495798,0.20084663858562532,0.5358153236389555,0.02061284867191265,0.002882796145283628
728da3da-4a61-ef11-87e5-6805cad9744d,centre,centre_left,0.03734600377670579,0.030780302766382956,0.6727915254769706,0.20363307774238526,0.03983704018535324,0.003384546582978786,0.012227503469223397
aeabfbcd-9447-e711-9450-00262d0d7125,centre,right,0.015299536992694701,0.06156770547762376,0.10073500392570847,0.022943762167925152,0.3242571060580344,0.44282516824248863,0.03237171713552504
bc4aa2e3-61e7-e511-9433-00262d0d0c40,centre_left,left,0.05113445248824242,0.6637771122811649,0.06612342009910538,0.0631156767007212,0.0990707386461461,0.024047253815632774,0.0327313459689872
1bbe050d-4adb-e711-90fb-901b0eac4c70,far_right,far_right,0.02670487242338232,0.011043524781160212,0.023507687478281504,0.016341255746775064,0.07270527292029895,0.4020694673157293,0.4476279193343726
5299eb8c-cba3-e511-9431-00262d0d0c40,centre,left,0.014862982211629404,0.5871089526871109,0.037437508179700055,0.27367589205941206,0.07526728865563732,0.007246026049875263,0.004401350156634921
90db90ca-3062-eb11-914e-901b0e9b71a0,centre,centre_right,0.039647566060285945,0.032985801419277185,0.06479862542578367,0.22926780860353269,0.5239051435261085,0.07679575214006115,0.03259930282495087
c7bd050d-4adb-e711-90fb-901b0eac4c70,centre,centre,0.005803850617307735,0.006094696107278219,0.3096442061680908,0.6371631327303909,0.02454790785931422,0.012214836464511644,0.004531370053106407
e781ee21-f2b4-ec11-9167-901b0eac4c78,left,right,0.0008895642100651653,0.09583183812507047,0.08659479497684952,0.10370566675967653,0.05889567521264263,0.43167576359128096,0.2224066971244148
e75405ad-619a-e411-9412-00262d0d7125,far_right,centre_right,0.010173942911318552,0.2600251210502785,0.08492009947115113,0.24964679246646482,0.38283519498336527,0.004932533425607968,0.007466315691813842
da6eacc0-2e9f-e511-942b-00262d0d7125,far_left,centre_left,0.07647133094306514,0.033380718812541496,0.6920932272905572,0.08865550596366424,0.05289590755318832,0.015770109166344866,0.040733200270638696
236b99cf-619a-e411-9412-00262d0d7125,right,centre_right,0.08013293359716883,0.1013124933465492,0.1519358329040316,0.029225322461283818,0.4087086034171396,0.011805800256438624,0.21687901401738824
102aaf21-3a0b-ec11-9160-901b0e9b71a0,far_right,right,0.014063546861029086,0.1437090883036868,0.002930973956642948,0.004022137366226689,0.06477657276006545,0.56804049077166,0.20245718998068904
a64eb1d7-f100-e811-9102-901b0e9b71a8,centre,right,0.0004148336672165611,0.001798848423018513,0.01699139955257895,0.13793971918659156,0.30490800263954715,0.430123975929208,0.10782322060183928
18bb83e4-3971-eb11-914e-901b0e9b71a0,right,centre,0.009199716887689315,0.006517126545917924,0.06578737653405381,0.5330775509483446,0.2736836038397544,0.007360666629940084,0.10437395861429993
d3d5f22d-016d-e911-911b-901b0eac4c78,far_left,right,0.13672215384514688,0.019201884572353757,0.006511625270770735,0.014993512434423475,0.14990438213112478,0.4708724855262686,0.2017939562199118
d7f79a3e-3043-ed11-9177-901b0eac4c70,far_right,right,0.0201977182069764,0.012567847224716157,0.036059151423906366,0.17986937773977305,0.16965522135471053,0.46315651678076347,0.11849416726915399
0f771c4a-c5d4-ee11-b1e0-6805cad971a9,centre,centre_left,0.008278340133307279,0.017605853654138474,0.8217092431107932,0.04043444925483503,0.09118811721336632,0.01633870909063271,0.004445287542926981
f8e49be5-4a09-ef11-87dd-6805cad9744d,far_right,right,0.025990109447535305,0.00747571412173302,0.11161207197755811,0.10104989074383314,0.03352194823953633,0.508921814750767,0.2114284507190371
d7fff3f9-ba95-ed11-9180-901b0e9b71a0,centre,left,0.006802630440275541,0.497985591704283,0.4091900337492465,0.011384321118467957,0.057055535928834646,0.011774982446932045,0.005806904611960354
7d31ee66-2172-ed11-917b-901b0eac4c70,centre,right,0.030299608150348187,0.006554673734143902,0.1913383749663656,0.08858357645177908,0.14461885571860988,0.4308520755706082,0.10775283540814515
2a5df076-f693-ec11-916c-901b0e9b71a0,far_right,right,0.018756410086048544,0.015561656053959339,0.019518707030110882,0.1677148163472138,0.27283053164139237,0.3047756795995755,0.20084219924169971
6f675f45-d9fa-e711-90fe-901b0e9b71a8,centre_left,centre_left,0.002491601045624581,0.011773575366331456,0.5221803425481204,0.3693699997390338,0.08478842829891457,0.005985513652567551,0.0034105393494078
d3340042-3516-ec11-9160-901b0e9b71a0,centre,far_right,0.05682894474653882,0.012812725574801063,0.19847743749816255,0.01507446608590158,0.03405665381991851,0.19543430201399312,0.48731547026068434
de512aa2-12d8-e611-9448-00262d0d7125,centre,right,0.017332842682978064,0.007927190217409275,0.011588709520809714,0.13708971933127234,0.18122341536841663,0.386723148615563,0.258114974263551
2d50438c-5d9a-e511-942b-00262d0d7125,left,right,0.0031134510764480464,0.14507455636752978,0.08037760583906184,0.07690273564011978,0.11716840648625214,0.4322978125831441,0.14506543200744432
c7dc40e1-f02c-e811-9101-901b0eac4c70,centre_right,centre_left,0.036958242275246384,0.060186238733047834,0.684955669357745,0.08607068482224156,0.0587792834900154,0.033719376902611155,0.0393305044190927
431e5316-b26a-e611-9441-00262d0d0c40,centre_right,left,0.15451357896231457,0.5626180356290454,0.034095767591561306,0.10275706194720009,0.0768660178252547,0.009344770558760452,0.05980476748586333
56c5d4c7-a7e9-e411-941b-00262d0d7125,centre,far_right,0.0033931608478221333,0.011338901077021199,0.12411389387535114,0.35674260800812246,0.07881201262837398,0.00817523610413715,0.4174241874591718
8d6ff06c-4b61-ef11-87e5-6805cad9744d,centre,centre,0.07052713865034918,0.015831049087887763,0.050740993605857425,0.48381108153122737,0.20478350627740047,0.13243748265815197,0.041868748189125816
9dfc3686-7d0c-ef11-87dd-6805cad9744d,far_right,centre_right,0.0014803054503634379,0.011136302331760562,0.021179851832932212,0.3223706475403586,0.6186690005533745,0.016319494565311732,0.008844397725898914
f16e208f-7b67-e911-911b-901b0eac4c78,centre,centre_right,0.028279465735526126,0.01680021330535397,0.0410164843254024,0.400470927904107,0.42979856961529417,0.08076936455526398,0.0028649745590524378
2e261380-af6a-e611-9441-00262d0d0c40,centre,far_right,0.06282248775445393,0.03873570677481536,0.04036469890858797,0.09765295916705682,0.3081206006679563,0.07721551366239611,0.3750880330647335
f51d9bed-ace0-eb11-9153-901b0eac4c78,far_right,left,0.22239709679806036,0.5151612538705841,0.040200038211179054,0.005150669019505568,0.19911554337400836,0.009011206178573535,0.008964192548089034
