speech_id,truth,pred,prob_far_left,prob_left,prob_centre_left,prob_centre,prob_centre_right,prob_right,prob_far_right
be4aa2e3-61e7-e511-9433-00262d0d0c40,centre,centre_right,0.1047249203554919,0.0464592516323913,0.1158915869645143,0.3479716733234312,0.1043315676067061,0.1193565239745475,0.1612644761425692
8ab20e12-3b8e-e711-9457-00262d0d7125,far_right,right,0.1086284447141957,0.044093550185022,0.1099903964505299,0.3987158178098622,0.0952346553174343,0.1158443862437788,0.1274927492787781
53fc3686-7d0c-ef11-87dd-6805cad9744d,centre,far_right,0.0870492951940605,0.0452402452050756,0.1128508020956709,0.3920998274214693,6.009565324572289e-13,0.1188570305023948,0.2439027995803353
ace66611-d9fa-e711-90fe-901b0e9b71a8,centre_right,far_left,0.1051896262108068,0.0426976937253691,0.144035944968848,0.3700633863746978,0.0801127348504917,0.1096928625780274,0.1482077512913888
d4726345-f7f3-ed11-b1c9-6805cad971a9,far_right,far_left,0.116612035215203,0.047334182501346,0.1180740828792074,0.3545247525878463,0.1022338763001096,0.1243583085782481,0.1368627619376847
88e0c032-879c-eb11-9152-901b0e9b71a8,centre,centre,0.0959423995439755,0.0425630505852682,0.143581741234971,0.3688964264752166,0.0919290334921467,0.1093469565073353,0.1477403921607176
29a891a8-413a-e711-9452-00262d0d0c40,right,right,0.100018677205532,0.0443714149073311,0.1106835239224198,0.3058801866198904,0.0832531007476903,0.11657440385587,0.2392186927409602
6924adc5-9986-e411-9414-00262d0d0c40,centre,far_left,0.1304754589989144,0.0437524656300261,0.1091395684888499,0.3956315615701886,0.0820917799593222,0.1124026330479008,0.1265065323044022
6dbe0d7e-1adf-e611-9448-00262d0d7125,centre,far_left,0.1093626898109164,0.0443915888166671,0.1497501126173982,0.3324852402756257,0.0958783686550291,0.1140445777471528,0.1540874220768778
dc676197-044e-e811-9108-901b0e9b71a8,far_left,centre,0.0915001021072511,0.0405923084377628,0.1012566254968589,0.4453047527180017,0.0761624471747921,0.1042840051228068,0.1408997589420809
7523adc5-9986-e411-9414-00262d0d0c40,right,right,0.1070090663405236,0.0474725702648952,0.1184192881283383,0.3555612527456783,0.1025327706033911,0.1317421535336116,0.1372628983832059
823e7be6-8cc7-e411-941e-00262d0d0c40,centre_left,centre,0.0967837503408945,0.0429363001256115,0.1448408572565135,0.3882513870277584,0.0927351897479443,0.1103058563205085,0.1241466591803809
abc0bca8-a516-e611-9437-00262d0d0c40,centre,centre,0.0969961662141664,0.0430305344537308,0.145158746334703,0.4720525203345178,0.0807372365200713,0.0904781929134726,0.0715466032288658
821af306-e465-e911-911b-901b0eac4c78,right,centre_right,0.1065831605234579,0.047283625117364,0.1179479685907381,0.3541460866196075,0.1130970974432681,0.1242254821423431,0.1367165795628669
e04d3c36-ce77-ed11-917b-901b0eac4c70,centre,right,0.0976080823986163,0.0433019996207111,0.1080158908819405,0.3915582238020587,0.0122978350150387,0.1137647920872922,0.2334531761939505
a9701ac5-f533-eb11-914a-901b0e9b71a8,centre,right,0.100018677205532,0.0443714149073311,0.1106835239224198,0.3058801866198904,0.0832531007476903,0.11657440385587,0.2392186927409602
6270f0aa-46ca-e911-9123-901b0eac4c78,far_right,centre,0.0915001021072511,0.0405923084377628,0.1012566254968589,0.4453047527180017,0.0761624471747921,0.1042840051228068,0.1408997589420809
1f838e95-3a1d-ec11-915b-901b0eac4c78,right,far_right,0.0910908659291138,0.0404107584636725,0.1363212219297127,0.3502423859055249,0.0872804443564907,0.1038175926629904,0.1908367307521445
8abb7eea-620d-eb11-9146-901b0e9b71a8,centre,centre,0.0928712465796287,0.0412005910303905,0.1027739731188201,0.477390043891803,0.0773037542994996,0.1058467185393879,0.1026136725399926
051cb89b-fb0b-e811-9102-901b0e9b71a8,right,left,0.1062661603764077,0.0960636918109058,0.1175971671770448,0.3530927836308024,0.0884533529443434,0.12111309777649,0.1174137462836523
67b9bf8e-782b-ec11-915b-901b0eac4c78,right,left,0.1078348055834638,0.0478388940313901,0.119333074751029,0.3740111727228715,0.089759054850319,0.1229009056700457,0.1383220923905065
76415f8a-e14f-e911-911c-0090facf175a,far_right,right,0.1083063564554144,0.0439628108115554,0.1096642699431623,0.3030634205255359,0.0824864459537745,0.1155009023915243,0.2370157939187298
3fa04b2d-45ca-e911-9123-901b0eac4c78,centre,left,0.1035582469153373,0.0459416787877907,0.114600512824855,0.3591784782692599,0.099226302388909,0.1180268491850361,0.1594679316284524
81cd8283-67b5-e711-945b-00262d0d7125,far_right,centre,0.0952928596321809,0.0422748943555484,0.1054537992645129,0.4637630157457147,0.0793194457790196,0.108606666366351,0.1052893188562085
a8a09872-b7f2-e611-944d-00262d0d0c40,centre,centre,0.0941640940429888,0.0417741386198148,0.1042046750350712,0.4582696373778676,0.0902251162799808,0.1073201957092169,0.1040421429346012
76a859bc-3cbb-ec11-9167-901b0eac4c78,right,right,0.0962610639787653,0.0427044200999161,0.1065252418385509,0.3198486415160903,0.0922343678765042,0.1121948066239338,0.2302314580659193
d6726345-f7f3-ed11-b1c9-6805cad971a9,far_left,left,0.1107568321373102,0.044957487415286,0.1516591089189992,0.3367237218562354,0.0843527355835891,0.1154984042140028,0.1560517098742402
6d059682-7d14-eb11-9143-901b0eac4c70,centre,far_right,0.0918707115819285,0.0407567223975247,0.1016667525231548,0.3532408753730904,0.0880276682895698,0.1047063941635374,0.2197308756708409
ba5138e1-abb2-e411-941b-00262d0d0c40,centre_left,centre_left,0.1093626898109164,0.0443915888166671,0.1497501126173982,0.3324852402756257,0.0958783686550291,0.1140445777471528,0.1540874220768778
ff23adc5-9986-e411-9414-00262d0d0c40,far_right,centre,0.0915001021072511,0.0405923084377628,0.1012566254968589,0.4453047527180017,0.0761624471747921,0.1042840051228068,0.1408997589420809
03f5e8cf-9ce2-e811-910f-901b0eac4c70,far_left,centre,0.0952928596321809,0.0422748943555484,0.1054537992645129,0.4637630157457147,0.0793194457790196,0.108606666366351,0.1052893188562085
9e44a595-49d7-e611-9448-00262d0d7125,far_right,far_right,0.087791869612749,0.0389472204683601,0.0971529895412294,0.3044948236493399,0.0730758051386627,0.1000576782931389,0.2984796132962152
d22b65d0-cd08-e711-944e-00262d0d0c40,centre,right,0.0974028579128098,0.043210955617098,0.1077887836063907,0.3907349586259745,0.0933283994340096,0.117544712724788,0.1499893320785384
81bca0e8-555a-e711-9453-00262d0d7125,centre_left,far_right,0.1245552955915659,0.0552566266022658,0.1378364463963401,0.1355984607369721,0.1036767817998041,0.1451724791444789,0.2979039097282749
44d4a422-4398-ee11-b1d9-6805cad971a9,far_right,right,0.123813066262028,0.0502571648259339,0.1253653983516579,0.3764173792411899,0.1085470267044888,0.1320376878065581,0.0835622768077668
52a8311f-c02a-ed11-9178-901b0e9b71a8,centre_left,right,0.1151345514000952,0.0510772896930545,0.1274111818935821,0.4618662649304044,0.1103183585366898,0.1341923535451112,6.006136227240203e-13
ff850640-344b-ee11-87c9-6805cad9744d,left,right,0.1126132497572584,0.0499587613898761,0.1246210375075781,0.3905845925900631,0.1079025254506942,0.131253710042053,0.0830661232620861
d3a9436e-cbcf-ed11-87bf-6805cad9744d,centre,centre_right,0.1121026866138703,0.0455037854135687,0.1135081973811761,0.3557549665485907,0.0982805263199642,0.1169018755967364,0.1579479621257374
9b29e5d3-af6a-e611-9441-00262d0d0c40,centre,far_left,0.1325700708647498,0.0444548539133965,0.110891660697936,0.3475542731916753,0.0960150106277294,0.1142071094662228,0.1543070212379425
1baadf55-250c-ee11-87c3-6805cad9744d,centre,centre_right,0.1139942283194902,0.0505714066924829,0.126149267814154,0.3787709958899588,0.1135660595235343,0.1328632769462332,0.0840847648137676
359e10aa-c5c7-e411-941e-00262d0d0c40,centre,left,0.1117321764224287,0.049567889688752,0.1236460165989069,0.3712548289538275,0.09300313101862,0.1273427962382081,0.1234531610788852
5350fb78-c9c3-e711-945b-00262d0d7125,centre,centre_left,0.0944333682470876,0.0418935970826513,0.141323413923844,0.3788227473568267,0.0904831264761488,0.107627091459418,0.1454166554536444
2da7e5c2-a4e2-e411-941b-00262d0d7125,far_right,right,0.1073729223899801,0.0476339881939066,0.1188219416214611,0.3283711648283383,0.1028814061922005,0.129576478423754,0.1653420983500307
02bf3945-c8c3-e711-945b-00262d0d7125,centre,centre,0.0987489866476026,0.043808140445762,0.1092784480988928,0.4805829946366715,0.0821962413801097,0.1125456648929193,0.0728395238975612
e150e640-d1d9-e711-90fb-901b0eac4c70,centre_left,centre,0.0915001021072511,0.0405923084377628,0.1012566254968589,0.4453047527180017,0.0761624471747921,0.1042840051228068,0.1408997589420809
b8022d69-c139-ed11-9178-901b0e9b71a8,centre,centre,0.1021409504680465,0.0453129217349435,0.1130320921097268,0.4097419820153057,0.0978682928624579,0.119047969266943,0.1128557915421666
5333506b-c134-e711-9452-00262d0d0c40,far_left,right,0.1075521030389248,0.0477134783365463,0.1190202280435376,0.4135354823262285,0.103053091536285,0.1297927116879249,0.0793329050301391
b89ffcda-b417-ec11-9160-901b0e9b71a0,centre_left,centre,0.0980433999996155,0.0434951201301005,0.1084976257683661,0.393304515527583,0.0939421470078767,0.1117414974666685,0.150975694099396
09bf3945-c8c3-e711-945b-00262d0d7125,right,centre_left,0.1056448212995401,0.0468673484759252,0.1581018138668996,0.3510282473433084,0.1012255932901265,0.1204049485396825,0.1167272271841664
c718556a-c8c3-e711-945b-00262d0d7125,centre,centre,0.0985937427525666,0.0400203478511308,0.0998298823243596,0.4390302446302159,0.0750892902235875,0.1028146050556035,0.1446218871620969
edc44eb9-b09c-e411-9412-00262d0d7125,centre,centre,0.108907846389618,0.0442069625774154,0.1102733011826147,0.3997413490858238,0.095479607017921,0.1135702621829259,0.1278206715632811
0354ce61-5c0b-e811-9102-901b0e9b71a8,centre_left,far_right,0.0933386338958692,0.0485088670177311,0.1210043077107157,0.3344022571083598,0.0137765934269969,0.12744448799133,0.2615248528486626
33e46a8a-b54c-e511-9427-00262d0d0c40,centre_right,right,0.1073729223899801,0.0476339881939066,0.1188219416214611,0.3283711648283383,0.1028814061922005,0.129576478423754,0.1653420983500307
7b65139e-2ab4-ec11-9167-901b0eac4c78,centre,right,0.1072885285648309,0.0475965484522911,0.118728549004944,0.3564898276970155,0.1028005426447435,0.1294746328707027,0.1376213707651156
f784bd47-e04d-ec11-915f-901b0eac4c70,left,centre_left,0.1016452534476624,0.0450930150257736,0.1521162963158526,0.33773879996761,0.0846070230304415,0.1158465825406441,0.1629530296716776
2318b480-7506-ec11-9160-901b0e9b71a0,centre,centre,0.0926133551750073,0.041086182333583,0.1024885831271673,0.4507226360933518,0.0887392463620941,0.1055527959322945,0.118797200976051
ed1fdd90-3c8e-e711-9457-00262d0d7125,left,centre,0.0904589096898364,0.0401304029012946,0.1001044122396896,0.4402375678592874,0.0866749234756055,0.1030973428908432,0.1392964409430028
4d508392-799b-ee11-b1d9-6805cad971a9,centre,centre,0.0904589096898364,0.0401304029012946,0.1001044122396896,0.4402375678592874,0.0866749234756055,0.1030973428908432,0.1392964409430028
a689247b-ffb7-eb11-914f-901b0eac4c78,centre,right,0.1037226777506732,0.0460146254515748,0.1147824766820561,0.3446415009528917,0.0993838549187662,0.1251714027750846,0.1662834614686082
2dcd08fd-5909-e711-944e-00262d0d0c40,left,right,6.01818376349541e-13,0.0680428232407322,0.1697313342304583,0.0889558360874341,0.1276672386997063,0.1787649001620665,0.3668378675786338
fccf70b1-5139-eb11-914a-901b0e9b71a8,centre,centre,0.0606682127848296,0.0269143175692092,0.0671371764625652,0.6322149536683197,0.0504987365587592,0.0691444497562297,0.0934221531994548
5d8a9686-5438-e611-9437-00262d0d7125,far_right,far_right,0.0928300457403469,0.0411823130488636,0.1389239759446682,0.3219690904379866,0.077269459728531,0.105799761340043,0.2220253537592385
572f24ec-2982-e911-9121-901b0e9b71a0,far_right,centre,0.0915001021072511,0.0405923084377628,0.1012566254968589,0.4453047527180017,0.0761624471747921,0.1042840051228068,0.1408997589420809
4d415f8a-e14f-e911-911c-0090facf175a,centre_right,right,0.1048595878123812,0.0465189943301664,0.1160406138173245,0.3484191356863236,0.1004732069011754,0.122216612730052,0.1614718487222282
5c522aa2-12d8-e611-9448-00262d0d7125,far_right,far_left,0.1342624973235225,0.0450223769636079,0.112307334532899,0.3519912478721006,0.084474486402561,0.1156651092438482,0.1562769476611086
0fe46a8a-b54c-e511-9427-00262d0d0c40,centre,right,0.107658902038118,0.0437000015269644,0.109008697931343,0.3787504461871993,0.0943846563800957,0.1148104390438268,0.1516868568920738
c223adc5-9986-e411-9414-00262d0d0c40,far_right,right,0.0927224033709267,0.0411345595255358,0.1026092589743088,0.3565156116618748,0.0771798608528365,0.1080704044389365,0.2217679011752241
e4658dc8-f5a6-ed11-917f-901b0eac4c70,right,centre,0.0909734542984087,0.0403586709903472,0.1006738219947799,0.4427417088865189,0.0757240784189446,0.1036837769096092,0.1458444885009484
f0ee186f-1a18-e911-9112-901b0eac4c70,centre,centre_left,0.1344385334668436,0.0450814073388938,0.1520771390686394,0.337651860421985,0.0845852437852388,0.1158167617168322,0.1303490542012291
81d350ca-aeb9-ec11-9167-901b0eac4c78,centre,centre,0.0915001021072511,0.0405923084377628,0.1012566254968589,0.4453047527180017,0.0761624471747921,0.1042840051228068,0.1408997589420809
2f0f0b93-7318-ef11-87dd-6805cad9744d,centre,right,0.0974409779972784,0.0432278668793894,0.107830968380266,0.3237691663921758,0.0811074869695657,0.113570027504197,0.2330535058768037
6becdddf-489b-e411-9412-00262d0d7125,right,right,0.1245552955915659,0.0552566266022658,0.1378364463963401,0.1355984607369721,0.1036767817998041,0.1451724791444789,0.2979039097282749
dea6b665-816a-e811-910a-901b0e9b71a8,centre,centre,0.1061867167053652,0.0431024243636148,0.1075180547685494,0.3897535650364604,0.0930939901729437,0.1107326391656755,0.1496126097870009
001a113d-60dc-e511-9433-00262d0d0c40,centre_right,left,0.1083336224678596,0.0480601848098597,0.1198850797574888,0.4165404074263436,0.1038019192297634,0.1234694145714533,0.0799093717368147
8ea7a479-4cbf-e511-9431-00262d0d0c40,right,centre_left,0.1047905823073642,0.0464883813288796,0.1835336413126566,0.4029174955513299,0.0872251178479052,0.0977488378312428,0.0772959438202185
5e37c704-0482-ed11-9180-901b0e9b71a0,far_left,right,0.1065957605573541,0.0553987063845323,0.138190861305403,0.1359471211775711,0.1196518920664006,0.1455457569845537,0.2986699015238862
9605a3cd-6fc6-ee11-87d6-6805cad9744d,far_right,right,0.1017583758219021,0.045143199650715,0.112608724083057,0.3112005862922851,0.0975017216944882,0.1186020684357112,0.2131853240215299
1f50430d-276d-eb11-914e-901b0e9b71a0,far_left,right,0.1139528180413767,0.0505530357973368,0.1261034420180502,0.3786334010966755,0.109186058260391,0.1375170251456463,0.0840542196401446
d7829754-be2a-ed11-9178-901b0e9b71a8,far_right,centre,0.0990464212894694,0.0439400917599646,0.1096075977659171,0.3808313221527962,0.0949032109190002,0.1128846555060639,0.1587867006064074
19ecdddf-489b-e411-9412-00262d0d7125,far_right,centre,0.0992676901315549,0.0440382535420692,0.1098524601842226,0.3982157980535817,0.0826279974742131,0.1131368388428051,0.1528609617711549
fae852a9-3416-ec11-9160-901b0e9b71a0,centre,centre_right,0.113058037891045,0.0458915736176184,0.1144755265738423,0.3437198642268828,0.0991180836451029,0.1178981260839362,0.1658387879612284
99d60a4d-4179-e811-9109-901b0eac4c70,centre,centre_right,0.1392349010844168,0.0466897780696576,0.1164666301198251,0.3496982760409172,0.1116766822941727,0.1199487598214366,0.1162849725692241
8cb5a076-cb98-e511-942b-00262d0d7125,far_right,right,0.1101259437069375,0.0488553145952989,0.1218685136148921,0.336790539066502,0.1055192658877481,0.135579437145122,0.1412609859831623
5c87f5e5-799b-ee11-b1d9-6805cad971a9,far_right,right,0.0994152428180536,0.0441037125308926,0.1100157462000168,0.382249432858267,0.095256604276004,0.1158710851762811,0.1530881761401024
67f3a875-3d5f-ec11-915f-901b0eac4c70,far_left,right,0.1528700959410941,0.0678179580398473,0.1691704129054693,0.1664236723446806,0.1464753876962935,0.1844819741089293,0.1127604989635012
86701ac5-f533-eb11-914a-901b0e9b71a8,centre,centre_right,0.1079333321771912,0.0438113959148833,0.1092865687954069,0.3797159078039676,0.0946252495301875,0.1125540283827425,0.1520735173952409
d6a8f6e1-b4c5-e511-942f-00262d0d7125,right,centre,0.0892651579788548,0.0396008172884449,0.098783372512396,0.4588535123085306,0.074302134342375,0.1017368065998841,0.1374581989690555
0a1cb89b-fb0b-e811-9102-901b0e9b71a8,centre,centre,0.0904589096898364,0.0401304029012946,0.1001044122396896,0.4402375678592874,0.0866749234756055,0.1030973428908432,0.1392964409430028
edb0353b-d43c-e811-9106-901b0e9b71a0,left,right,0.0988165795095722,0.0438381267543897,0.1093532482898554,0.3799475855393515,0.0124500959520582,0.1192507766178314,0.2363435873365615
e86abe19-b16a-e611-9441-00262d0d0c40,centre,far_left,0.1485533331520483,0.049814537176795,0.1242612733627542,0.373102175523558,0.0934659102248746,0.1279764480036907,0.0828263225559058
dbd48639-3613-e511-9422-00262d0d0c40,far_left,far_left,0.113058037891045,0.0458915736176184,0.1144755265738423,0.3437198642268828,0.0991180836451029,0.1178981260839362,0.1658387879612284
7b5bc97a-7651-e911-911c-0090facf175a,centre_right,left,0.1122512419788227,0.0455640857654427,0.1537054013286862,0.3412670374612609,0.0984107649422148,0.1170567907135589,0.1317446778096721
f43509c0-01fe-ed11-87c3-6805cad9744d,centre,far_right,0.1046436760757261,0.0464232091276606,0.1158016797248441,0.3477017212634812,0.0131842633532228,0.121964961911532,0.250280488543185
9d646154-4dfc-e711-90fe-901b0e9b71a8,centre,centre,0.0987489866476026,0.043808140445762,0.1092784480988928,0.4805829946366715,0.0821962413801097,0.1125456648929193,0.0728395238975612
34eccd36-e2d8-eb11-9153-901b0eac4c78,centre,right,0.1166486034039231,0.0517489705383737,0.1290866750701326,0.3567383370289974,0.1237776999762648,0.1359570210520644,0.086042692929887
8f771c4a-c5d4-ee11-b1e0-6805cad971a9,centre,centre_right,0.1113798899199781,0.0452103938218955,0.1127763384732861,0.3534611899993927,0.0976468498074402,0.1161481355059021,0.1633772024717517
de5405ad-619a-e411-9412-00262d0d7125,centre,far_left,0.1107459007658969,0.0449530502443841,0.1121344005482223,0.3896106920506728,0.0970910309450531,0.1154870048634638,0.1299779205819173
04eb98c7-1114-e511-9422-00262d0d0c40,far_right,far_left,0.1396038176406757,0.0468134872259382,0.1167752199041984,0.3506248359962294,0.0878351068252234,0.1229903165624872,0.1353572158448967
a024ce50-8052-e711-9455-00262d0d0c40,centre,right,0.1013328956045602,0.0449544433125389,0.1121378755262629,0.3098993696403574,0.0970940397380623,0.122287439595163,0.2122939365827451
93a57cff-adb9-ec11-9167-901b0eac4c78,centre,centre,0.0980433999996155,0.0434951201301005,0.1084976257683661,0.393304515527583,0.0939421470078767,0.1117414974666685,0.150975694099396
fd52e660-6f60-e511-9426-00262d0d7125,right,centre_left,0.0995389959610721,0.0441586132975132,0.1489641954839862,0.3452382225722369,0.0953751807018948,0.1134460500662205,0.1532787419167306
e2c337dd-18fe-e411-941d-00262d0d7125,centre,right,0.1037226777506732,0.0460146254515748,0.1147824766820561,0.3446415009528917,0.0993838549187662,0.1251714027750846,0.1662834614686082
0c33dc30-69a5-e511-9431-00262d0d0c40,centre,right,0.0990090924880657,0.043923531535601,0.1095662886484743,0.380687793728368,0.0948674436185078,0.1194830991927303,0.1524627507878719
db7538a3-9595-ec11-916c-901b0e9b71a0,left,centre,0.0926133551750073,0.041086182333583,0.1024885831271673,0.4507226360933518,0.0887392463620941,0.1055527959322945,0.118797200976051
90a850f7-7b40-ec11-9164-0090facf175a,centre,centre,0.0904589096898364,0.0401304029012946,0.1001044122396896,0.4402375678592874,0.0866749234756055,0.1030973428908432,0.1392964409430028
e2cbbe7f-b905-e811-9102-901b0e9b71a8,centre,centre,0.0972924354083105,0.0431619687388555,0.1076665869101357,0.4734943775259076,0.0932225960127625,0.1133968972025378,0.0717651382010166
c11919c2-61dd-ee11-b1e0-6805cad971a9,right,right,0.1083063564554144,0.0439628108115554,0.1096642699431623,0.3030634205255359,0.0824864459537745,0.1155009023915243,0.2370157939187298
2c30a1e4-1a2f-eb11-914a-901b0e9b71a8,centre,right,0.0987759087831912,0.0438200839475335,0.1093082409028142,0.3020795141097976,0.0946440142200653,0.1151259245116814,0.2362463135246144
c6d350ca-aeb9-ec11-9167-901b0eac4c78,centre,centre,0.0904589096898364,0.0401304029012946,0.1001044122396896,0.4402375678592874,0.0866749234756055,0.1030973428908432,0.1392964409430028
c023adc5-9986-e411-9414-00262d0d0c40,centre,far_left,0.1386119324935334,0.0464808773915505,0.115945531947703,0.3633940084608739,0.1003908807220493,0.119412081809658,0.1157646871742682
2e9a37a3-620d-eb11-9146-901b0e9b71a8,centre_left,centre,0.0926133551750073,0.041086182333583,0.1024885831271673,0.4507226360933518,0.0887392463620941,0.1055527959322945,0.118797200976051
4aeba563-8f77-eb11-914b-901b0eac4c70,centre,centre_right,0.0996710064325546,0.0442171772734217,0.1102987815183697,0.3832328383584449,0.0955016690439824,0.1135965043320334,0.1534820230408096
3cc2362d-eeb9-e511-9431-00262d0d0c40,centre,far_left,0.1075840869132546,0.0436696331969065,0.1089329447962791,0.3270779188865262,0.0943190658927455,0.112189831701729,0.2062265186122316
435b0482-cabd-ed11-b1c5-6805cad971a9,far_right,centre,0.0909734542984087,0.0403586709903472,0.1006738219947799,0.4427417088865189,0.0757240784189446,0.1036837769096092,0.1458444885009484
ccb44f31-ade0-eb11-9153-901b0eac4c78,right,right,0.1033046918324498,0.0624678755058807,0.1558247490502161,0.153294695767021,0.1349201088878476,0.1733559484960072,0.2168319304603605
5e86e568-5a17-ef11-87dd-6805cad9744d,far_left,right,0.0976080823986163,0.0433019996207111,0.1080158908819405,0.3915582238020587,0.0122978350150387,0.1137647920872922,0.2334531761939505
b11deae6-b16a-e611-9441-00262d0d0c40,centre,right,6.010570253106975e-13,0.0447629810219862,0.1116602770304547,0.3879633510832991,0.0966805133794327,0.1176031424363594,0.2413297350474783
38060083-30ce-ed11-87bf-6805cad9744d,centre,right,0.1037226777506732,0.0460146254515748,0.1147824766820561,0.3446415009528917,0.0993838549187662,0.1251714027750846,0.1662834614686082
4d2b8c89-7706-ec11-9160-901b0e9b71a0,centre,right,0.0861156539699064,0.044755024068935,0.111640428585116,0.3878943877100017,0.0966633276985787,0.1175822376024616,0.1553489403646124
3b38823f-33c4-e511-942f-00262d0d7125,far_left,centre,0.0980433999996155,0.0434951201301005,0.1084976257683661,0.393304515527583,0.0939421470078767,0.1117414974666685,0.150975694099396
4e47248e-d89e-e711-9457-00262d0d7125,centre,far_left,0.1381463167362974,0.0463247419958863,0.1155560556184665,0.3469642196592367,0.1000536545171612,0.1190109608823704,0.133944050590234
9e835025-b1c7-ec11-9170-0090facf175a,right,centre,0.1061867167053652,0.0431024243636148,0.1075180547685494,0.3897535650364604,0.0930939901729437,0.1107326391656755,0.1496126097870009
4e692c04-d43c-e811-9106-901b0e9b71a0,centre,centre,0.0883481037032888,0.0391939833161252,0.1322165656145769,0.4299648805482555,0.0735388007918032,0.1006916264244684,0.1360460396010517
3a2045de-bb39-ed11-9178-901b0e9b71a8,centre,far_right,0.1245552955915659,0.0552566266022658,0.1378364463963401,0.1355984607369721,0.1036767817998041,0.1451724791444789,0.2979039097282749
686d8a72-d21b-e811-9102-901b0e9b71a8,left,centre,0.0980433999996155,0.0434951201301005,0.1084976257683661,0.393304515527583,0.0939421470078767,0.1117414974666685,0.150975694099396
02d67e32-1108-e811-9102-901b0e9b71a8,centre,centre,0.0904589096898364,0.0401304029012946,0.1001044122396896,0.4402375678592874,0.0866749234756055,0.1030973428908432,0.1392964409430028
53d9e90c-428e-eb11-9152-901b0e9b71a8,centre_left,right,0.0927224033709267,0.0411345595255358,0.1026092589743088,0.3565156116618748,0.0771798608528365,0.1080704044389365,0.2217679011752241
eaab1615-3011-ef11-87dd-6805cad9744d,centre,right,0.1037226777506732,0.0460146254515748,0.1147824766820561,0.3446415009528917,0.0993838549187662,0.1251714027750846,0.1662834614686082
6ea68f97-2b43-e811-9106-901b0e9b71a0,centre,far_right,6.013130865911686e-13,0.0478947812005064,0.1194724840719346,0.3587235388479722,0.08986391470504,0.1258311365079748,0.2582141446656116
00506c04-9b4f-e811-9108-901b0e9b71a8,centre_right,far_right,0.0974409779972784,0.0432278668793894,0.107830968380266,0.3237691663921758,0.0811074869695657,0.113570027504197,0.2330535058768037
fd761c4a-c5d4-ee11-b1e0-6805cad971a9,right,right,0.0831309896654462,0.0445807845055561,0.1112057918055187,0.307323503492055,0.0962869995351299,0.1171244682644444,0.2403474627315423
01831778-39c7-ed11-b1c5-6805cad971a9,centre,centre,0.0952928596321809,0.0422748943555484,0.1054537992645129,0.4637630157457147,0.0793194457790196,0.108606666366351,0.1052893188562085
8324c684-b47a-e811-9109-901b0eac4c70,centre,centre,0.0987489866476026,0.043808140445762,0.1092784480988928,0.4805829946366715,0.0821962413801097,0.1125456648929193,0.0728395238975612
92477b59-9a66-e511-9426-00262d0d7125,centre,far_left,0.1077916887330125,0.0437539011921087,0.1475989439807735,0.3420741266577666,0.0945010705951043,0.1124063210905211,0.1518739477503708
b317e727-b14c-e511-9427-00262d0d0c40,right,right,0.0857586636976264,0.0445694932450752,0.1111776260032302,0.3862863813058131,0.0962626123107971,0.1212402781878948,0.1547049452491766
50137898-37ee-ec11-916f-901b0eac4c70,centre_right,right,0.0938551918498547,0.0416370999410371,0.1038628350483936,0.3765033725921399,0.0781227662780725,0.1093906992610172,0.1966280350291082
56494ce9-c039-ed11-9178-901b0e9b71a8,centre,right,0.1139942283194902,0.0505714066924829,0.126149267814154,0.3787709958899588,0.1135660595235343,0.1328632769462332,0.0840847648137676
5a70f0aa-46ca-e911-9123-901b0eac4c78,centre_right,centre_right,0.1044493474616442,0.0463369988736891,0.1155866301320431,0.3470560215313912,0.1000801273125682,0.1190424495154825,0.1674484251728342
607f3fe8-1d33-e611-9437-00262d0d7125,right,centre_right,0.1035582469153373,0.0459416787877907,0.114600512824855,0.3591784782692599,0.099226302388909,0.1180268491850361,0.1594679316284524
6d43ea0f-619a-e411-9412-00262d0d7125,centre_left,right,0.1037226777506732,0.0460146254515748,0.1147824766820561,0.3446415009528917,0.0993838549187662,0.1251714027750846,0.1662834614686082
3b46481c-24cd-eb11-9156-901b0e9b71a8,centre_right,far_right,6.013130865911686e-13,0.0478947812005064,0.1194724840719346,0.3587235388479722,0.08986391470504,0.1258311365079748,0.2582141446656116
d144a595-49d7-e611-9448-00262d0d7125,centre,centre_right,0.1079333321771912,0.0438113959148833,0.1092865687954069,0.3797159078039676,0.0946252495301875,0.1125540283827425,0.1520735173952409
e3283cf4-9478-e811-9109-901b0eac4c70,centre,centre,0.0980433999996155,0.0434951201301005,0.1084976257683661,0.393304515527583,0.0939421470078767,0.1117414974666685,0.150975694099396
24b055ee-37b1-ed11-917f-901b0eac4c70,right,right,0.1319748764089311,0.0442552667636659,0.1103937949186284,0.3050795041098988,0.0830351745642134,0.1162692546819025,0.2089921285524544
4d8eccab-a0ad-eb11-914f-901b0eac4c78,far_left,left,0.0971144669146706,0.0430830163462389,0.1453357881915719,0.3734029998639658,0.0808357071298891,0.1106827788384031,0.1495452427148869
3976ce7e-b2f8-ed11-b1c9-6805cad971a9,centre,right,0.0989160590308635,0.0438822589828628,0.1480319447841492,0.3430776458406421,0.0947783018434043,0.1127360797325819,0.1585777097851529
5a35ab05-ffb7-eb11-914f-901b0eac4c78,centre,right,0.0990090924880657,0.043923531535601,0.1095662886484743,0.380687793728368,0.0948674436185078,0.1194830991927303,0.1524627507878719
1933506b-c134-e711-9452-00262d0d0c40,right,centre,0.0990464212894694,0.0439400917599646,0.1096075977659171,0.3808313221527962,0.0949032109190002,0.1128846555060639,0.1587867006064074
0846481c-24cd-eb11-9156-901b0e9b71a8,centre,far_left,0.1096670630281552,0.044515137448562,0.1473837361673765,0.3334105979313498,0.0961452129287169,0.1143619813799415,0.1545162711155643
6086f0d3-daf8-e611-944d-00262d0d0c40,centre,centre,0.0921137570509561,0.0408645449727564,0.1352971070082406,0.4482912353193048,0.0766732385417646,0.1049833966406213,0.1017767204659076
483035bb-6e1e-e611-9437-00262d0d7125,far_right,centre,0.0848838542662056,0.0376571338655028,0.0939348967292792,0.4131053721607608,0.0706552442855723,0.0967433706550921,0.2030201280371739
5e323d59-ac21-ef11-b1e6-6805cad971a9,far_right,centre_right,0.1107459007658969,0.0449530502443841,0.1121344005482223,0.3896106920506728,0.0970910309450531,0.1154870048634638,0.1299779205819173
d098e374-dafe-e811-9111-901b0eac4c70,centre_left,centre_left,0.0959423995439755,0.0425630505852682,0.143581741234971,0.3688964264752166,0.0919290334921467,0.1093469565073353,0.1477403921607176
d271f1cb-7dcd-ed11-87bf-6805cad9744d,far_left,far_left,0.113802852081848,0.0461939023675798,0.1152296790275938,0.3459842537149067,0.0997710629169989,0.1186748262550556,0.1603434236356708
e733dd11-b995-ed11-9180-901b0e9b71a0,far_left,right,0.0955455127742184,0.0496558003888958,0.1238653079174893,0.3423087932047429,0.1072481806228921,0.1378008825341764,0.1435755225572424
4c44a595-49d7-e611-9448-00262d0d7125,far_right,centre_right,0.1079333321771912,0.0438113959148833,0.1092865687954069,0.3797159078039676,0.0946252495301875,0.1125540283827425,0.1520735173952409
23eccd36-e2d8-eb11-9153-901b0eac4c78,far_right,right,0.0987759087831912,0.0438200839475335,0.1093082409028142,0.3020795141097976,0.0946440142200653,0.1151259245116814,0.2362463135246144
e89e5c80-3987-eb11-914b-901b0eac4c70,far_right,far_left,0.1121026866138703,0.0455037854135687,0.1135081973811761,0.3557549665485907,0.0982805263199642,0.1169018755967364,0.1579479621257374
f4d6c821-a516-e611-9437-00262d0d0c40,centre_left,right,0.0990090924880657,0.043923531535601,0.1095662886484743,0.380687793728368,0.0948674436185078,0.1194830991927303,0.1524627507878719
ed821778-39c7-ed11-b1c5-6805cad971a9,far_right,far_right,0.0497025606175977,0.02583083555872,0.0644344542870844,0.1780682634923943,0.0073359973392498,0.0678638322137273,0.6067640564906193
266f07f4-3a1d-ec11-915b-901b0eac4c78,centre,right,0.0990090924880657,0.043923531535601,0.1095662886484743,0.380687793728368,0.0948674436185078,0.1194830991927303,0.1524627507878719
08bb5e63-b97c-ef11-b1ee-6805cad971a9,centre,centre_left,0.1010033350616999,0.0448082399433992,0.1511556390879188,0.3356058843813081,0.0967782650406784,0.1151149787641623,0.1555336577204974
ef64d644-22b1-e411-941b-00262d0d0c40,right,right,0.1071198238846507,0.0475217057772005,0.1185418555890115,0.3275971312157536,0.1026388950492249,0.1248509774313258,0.1717296110525052
d16824d9-6ad4-e411-941b-00262d0d7125,centre,right,0.0990090924880657,0.043923531535601,0.1095662886484743,0.380687793728368,0.0948674436185078,0.1194830991927303,0.1524627507878719
4dbdb32b-9250-e911-911c-0090facf175a,centre,centre,0.0987489866476026,0.043808140445762,0.1092784480988928,0.4805829946366715,0.0821962413801097,0.1125456648929193,0.0728395238975612
681e1b15-7dcc-ec11-9170-0090facf175a,left,left,0.1035582469153373,0.0459416787877907,0.114600512824855,0.3591784782692599,0.099226302388909,0.1180268491850361,0.1594679316284524
eb87f68a-bb39-ed11-9178-901b0e9b71a8,centre,right,0.1061508035933543,0.0470918180542266,0.1174695100672585,0.3246336436370172,0.1017104098410524,0.1327676928442499,0.1701761219625162
978c5a72-9578-e811-9109-901b0eac4c70,centre,right,0.1017538326632677,0.0528823160483965,0.1319137806545037,0.3645512034168412,0.1142169120001455,0.146754855723761,0.0879270994927198
57f830b2-48d7-e611-9448-00262d0d7125,centre,centre_left,0.1062276577941802,0.047125912982569,0.1589740526179988,0.4084430193466626,0.1017840491541748,0.0990893443502352,0.0783559637537707
2f74dae9-8657-e811-9108-901b0e9b71a8,far_left,centre,0.0996710064325546,0.0442171772734217,0.1102987815183697,0.3832328383584449,0.0955016690439824,0.1135965043320334,0.1534820230408096
3a74407e-609a-e411-9412-00262d0d7125,centre,far_left,0.1127779818590326,0.0457778956142682,0.1141919592810358,0.3967596746814008,0.0988725582696044,0.1176060806709016,0.1140138496233597
728da3da-4a61-ef11-87e5-6805cad9744d,centre,centre,0.092568946482085,0.0410664812478038,0.1385332301814334,0.4505065117222877,0.088696695328991,0.0863484746305341,0.1022796604064142
aeabfbcd-9447-e711-9450-00262d0d7125,centre,right,0.1072885285648309,0.0475965484522911,0.118728549004944,0.3564898276970155,0.1028005426447435,0.1294746328707027,0.1376213707651156
bc4aa2e3-61e7-e511-9433-00262d0d0c40,centre_left,left,0.0959423995439755,0.0425630505852682,0.143581741234971,0.3688964264752166,0.0919290334921467,0.1093469565073353,0.1477403921607176
1bbe050d-4adb-e711-90fb-901b0eac4c70,far_right,far_right,0.1245552955915659,0.0552566266022658,0.1378364463963401,0.1355984607369721,0.1036767817998041,0.1451724791444789,0.2979039097282749
5299eb8c-cba3-e511-9431-00262d0d0c40,centre,centre,0.0987489866476026,0.043808140445762,0.1092784480988928,0.4805829946366715,0.0821962413801097,0.1125456648929193,0.0728395238975612
90db90ca-3062-eb11-914e-901b0e9b71a0,centre,centre_right,0.0994152428180536,0.0441037125308926,0.1100157462000168,0.382249432858267,0.095256604276004,0.1158710851762811,0.1530881761401024
c7bd050d-4adb-e711-90fb-901b0eac4c70,centre,centre,0.0913624566877984,0.0405312446226108,0.1011043031456497,0.4696343466312225,0.0760478744940357,0.1041271286243467,0.1171926457938662
e781ee21-f2b4-ec11-9167-901b0eac4c78,left,right,0.0974409779972784,0.0432278668793894,0.107830968380266,0.3237691663921758,0.0811074869695657,0.113570027504197,0.2330535058768037
e75405ad-619a-e411-9412-00262d0d7125,far_right,left,0.1080662083498103,0.047941551539399,0.1195891516592649,0.3590738405104938,0.1035456913103943,0.1231646387885381,0.1386189178417401
da6eacc0-2e9f-e511-942b-00262d0d7125,far_left,far_left,0.1039313188017628,0.0421869321008716,0.142312947148134,0.3656365857702545,0.0911166807995254,0.1083806862097556,0.1464348491693302
236b99cf-619a-e411-9412-00262d0d7125,right,far_right,0.1045308786714509,0.042430300431078,0.1058414563206265,0.3177955331145344,0.0916423154772761,0.1090059136277254,0.2287536023569907
102aaf21-3a0b-ec11-9160-901b0e9b71a0,far_right,right,0.1030778275076352,0.0457285497056606,0.114068866991388,0.3152357739106795,0.085799462641479,0.1201399241440493,0.215949595098793
a64eb1d7-f100-e811-9102-901b0e9b71a8,centre,right,0.0843472681701252,0.0438359792102612,0.1093478912880015,0.39638673291162,0.0946783453152188,0.1192449347554138,0.1521588483489628
18bb83e4-3971-eb11-914e-901b0e9b71a0,right,centre,0.0839870544504697,0.0372592854053492,0.0929424724478158,0.4087409046794493,0.0804737923814914,0.0957212747838908,0.2008752158511247
d3d5f22d-016d-e911-911b-901b0eac4c78,far_left,right,0.1319748764089311,0.0442552667636659,0.1103937949186284,0.3050795041098988,0.0830351745642134,0.1162692546819025,0.2089921285524544
d7f79a3e-3043-ed11-9177-901b0eac4c70,far_right,right,0.1066484309452389,0.0473125811188523,0.1180201987030778,0.3261555028688568,0.1021872209455844,0.128702170004386,0.1709738954136774
0f771c4a-c5d4-ee11-b1e0-6805cad971a9,centre,centre_left,0.1042233665724133,0.0462367466800255,0.1825402011870926,0.3463051501256377,0.0867529813425354,0.1187848957896673,0.1151566583022816
f8e49be5-4a09-ef11-87dd-6805cad9744d,far_right,right,0.0927224033709267,0.0411345595255358,0.1026092589743088,0.3565156116618748,0.0771798608528365,0.1080704044389365,0.2217679011752241
d7fff3f9-ba95-ed11-9180-901b0e9b71a0,centre,left,0.1085844441744246,0.0981594003555081,0.1201626462194188,0.3607957934750321,0.0903830356795132,0.123755279740234,0.0981594003555081
7d31ee66-2172-ed11-917b-901b0eac4c70,centre,right,0.0994152428180536,0.0441037125308926,0.1100157462000168,0.382249432858267,0.095256604276004,0.1158710851762811,0.1530881761401024
2a5df076-f693-ec11-916c-901b0e9b71a0,far_right,right,0.0938551918498547,0.0416370999410371,0.1038628350483936,0.3765033725921399,0.0781227662780725,0.1093906992610172,0.1966280350291082
6f675f45-d9fa-e711-90fe-901b0e9b71a8,centre_left,centre,0.090402035334627,0.0401051716576599,0.1352903586550558,0.4399607766852964,0.0752484432486943,0.103032522356074,0.1159606920621523
d3340042-3516-ec11-9160-901b0e9b71a0,centre,far_right,0.100018677205532,0.0443714149073311,0.1106835239224198,0.3058801866198904,0.0832531007476903,0.11657440385587,0.2392186927409602
de512aa2-12d8-e611-9448-00262d0d7125,centre,right,0.0949300970282779,0.0421139615131997,0.1050523558094596,0.3292528485968429,0.0909590765980927,0.110643529571088,0.2270481308827098
2d50438c-5d9a-e511-942b-00262d0d7125,left,right,0.0855694905768364,0.0444711783954068,0.1109323817612349,0.3854342808051811,0.0960502687643721,0.1168365065896523,0.1607058931069305
c7dc40e1-f02c-e811-9101-901b0eac4c70,centre_right,centre_left,0.0959423995439755,0.0425630505852682,0.143581741234971,0.3688964264752166,0.0919290334921467,0.1093469565073353,0.1477403921607176
431e5316-b26a-e611-9441-00262d0d0c40,centre_right,far_left,0.1264784684675083,0.0424121508138097,0.1057961824973487,0.3835117681802716,0.0795769770245696,0.1089592862036387,0.1532651668124696
56c5d4c7-a7e9-e411-941b-00262d0d7125,centre,centre,0.0915001021072511,0.0405923084377628,0.1012566254968589,0.4453047527180017,0.0761624471747921,0.1042840051228068,0.1408997589420809
8d6ff06c-4b61-ef11-87e5-6805cad9744d,centre,right,0.1110876773155638,0.0450917813243002,0.1124804621925205,0.3525338608831281,0.097390666753968,0.1184669800964821,0.1629485714336845
9dfc3686-7d0c-ef11-87dd-6805cad9744d,far_right,centre,0.0937050332960069,0.0415704849079171,0.1036966653053884,0.4560355203910068,0.0779977779702795,0.1067969974592978,0.120197520669647
f16e208f-7b67-e911-911b-901b0eac4c78,centre,centre,0.0923924900073424,0.0409881996340828,0.1022441674265016,0.4496477486713062,0.0885276202041909,0.1076858817201959,0.11851389233593
2e261380-af6a-e611-9441-00262d0d0c40,centre,centre_right,0.113802852081848,0.0461939023675798,0.1152296790275938,0.3459842537149067,0.0997710629169989,0.1186748262550556,0.1603434236356708
f51d9bed-ace0-eb11-9153-901b0eac4c78,far_right,far_left,0.14075998075235,0.0472011845538062,0.1177423224082173,0.3535286212097477,0.1019466230932634,0.1212625928717187,0.117558675110543
0fd0c290-344b-ee11-87c9-6805cad9744d,right,centre,0.0952928596321809,0.0422748943555484,0.1054537992645129,0.4637630157457147,0.0793194457790196,0.108606666366351,0.1052893188562085
665693c4-64bd-eb11-9156-901b0e9b71a8,centre_left,centre,0.0959423995439755,0.0425630505852682,0.143581741234971,0.3688964264752166,0.0919290334921467,0.1093469565073353,0.1477403921607176
3646481c-24cd-eb11-9156-901b0e9b71a8,centre,far_right,0.100018677205532,0.0443714149073311,0.1106835239224198,0.3058801866198904,0.0832531007476903,0.11657440385587,0.2392186927409602
c966605b-7aba-ec11-9167-901b0eac4c78,centre_right,centre_left,0.110051231790294,0.0446710760209814,0.1506929317738388,0.3345785505796154,0.0838153482427724,0.1147625966568474,0.1614282649353157
63b20e12-3b8e-e711-9457-00262d0d7125,centre,centre_right,0.1089477264264719,0.0483326205419162,0.1205646647319455,0.3620028789777424,0.1156061761666876,0.1241693178381273,0.1203766153167466
c922765d-cb75-ef11-87e5-6805cad9744d,far_right,far_right,0.087791869612749,0.0389472204683601,0.0971529895412294,0.3044948236493399,0.0730758051386627,0.1000576782931389,0.2984796132962152
56d31d46-f161-ee11-87cc-6805cad9744d,centre,centre_right,0.0959423995439755,0.0425630505852682,0.143581741234971,0.3688964264752166,0.0919290334921467,0.1093469565073353,0.1477403921607176
7f21700a-8052-e711-9455-00262d0d0c40,centre_left,right,0.0855537237944677,0.0444629842670238,0.1109119416872191,0.3065114320487319,0.0960325708246757,0.1168149786389806,0.2397123687385945
60cd08fd-5909-e711-944e-00262d0d0c40,far_left,centre,0.0980433999996155,0.0434951201301005,0.1084976257683661,0.393304515527583,0.0939421470078767,0.1117414974666685,0.150975694099396
472045de-bb39-ed11-9178-901b0e9b71a8,centre,centre,0.0904589096898364,0.0401304029012946,0.1001044122396896,0.4402375678592874,0.0866749234756055,0.1030973428908432,0.1392964409430028
4d5d331e-8186-eb11-914b-901b0eac4c70,far_right,right,0.1006742536463372,0.0446622491302099,0.1114090035297908,0.3870903019386209,0.0837987865435742,0.1173384954725964,0.1550269097384833
